9.78317e-05 1.35447e-04 1.53022e-04 1.54258e-04 1.60696e-04 1.82035e-04 1.72277e-04 1.84432e-04 1.76281e-04 1.77418e-04 1.61895e-04 1.57976e-04 1.54914e-04 1.51033e-04 1.48675e-04 1.44913e-04 1.32775e-04 1.31154e-04
-2.23836e-05 2.77312e-04 7.84542e-05 2.67157e-04 6.60891e-05 1.19568e-04 1.98374e-05 1.12940e-04 9.98489e-06 1.06385e-04 7.21851e-06 4.51637e-05 4.57144e-06 4.40363e-05 3.68652e-06 4.02120e-05 -4.82264e-06 2.23708e-05
1.90729e-04 2.20364e-04 2.29487e-04 2.24666e-04 2.20729e-04 1.81792e-04 1.82905e-04 1.74660e-04 1.81700e-04 1.63727e-04 1.72639e-04 1.14685e-04 1.70259e-04 1.06459e-04 1.66545e-04 1.04157e-04 1.27276e-04 7.90115e-05
3.22952e-04 1.57032e-04 9.79081e-05 1.18976e-04 6.90952e-05 -8.60531e-06 -2.36742e-05 -2.04573e-05 -3.12416e-05 -2.98259e-05 -3.86175e-05 -7.03878e-05 -3.82783e-05 -6.98340e-05 -3.83757e-05 -6.89112e-05 -5.81556e-05 -7.57462e-05
-1.29414e-04 -1.48447e-04 -1.47562e-04 -1.55787e-04 -1.51102e-04 -1.64314e-04 -1.49552e-04 -1.67436e-04 -1.50215e-04 -1.69635e-04 -1.52418e-04 -1.61330e-04 -1.51094e-04 -1.62194e-04 -1.50694e-04 -1.61937e-04 -1.42516e-04 -1.54526e-04
-8.84948e-05 -1.07929e-04 -1.05180e-04 -1.17333e-04 -1.15331e-04 -1.21350e-04 -1.18982e-04 -1.25944e-04 -1.22600e-04 -1.24569e-04 -1.20804e-04 -1.14762e-04 -1.19506e-04 -1.12469e-04 -1.18892e-04 -1.12593e-04 -1.00847e-04 -9.71696e-05
1.08845e-03 2.51355e-04 2.23494e-04 2.36069e-04 2.15037e-04 1.35342e-04 9.51440e-05 1.37881e-04 9.82285e-05 1.36495e-04 9.24143e-05 7.90349e-05 9.17016e-05 7.88181e-05 8.72121e-05 7.78252e-05 5.45393e-05 5.34408e-05
1.48095e-04 1.51811e-04 2.25093e-04 1.62644e-04 2.35170e-04 2.07118e-04 2.29958e-04 2.13263e-04 2.28795e-04 2.18438e-04 2.26627e-04 2.11628e-04 2.20661e-04 2.11725e-04 2.16430e-04 2.10266e-04 1.85485e-04 1.82884e-04
6.77810e-05 1.06207e-04 1.38268e-04 1.23010e-04 1.46862e-04 1.55054e-04 1.72241e-04 1.58649e-04 1.72100e-04 1.61439e-04 1.73764e-04 1.75401e-04 1.71969e-04 1.73078e-04 1.70208e-04 1.68687e-04 1.69433e-04 1.64213e-04
-2.86878e-05 -3.89676e-05 -6.53067e-05 -4.53119e-05 -6.96078e-05 -5.68434e-05 -3.78763e-05 -5.21522e-05 -2.97291e-05 -2.90885e-06 5.77955e-05 6.11768e-05 1.65605e-04 1.08413e-04 1.68301e-04 1.41479e-04 2.23417e-04 2.02865e-04
-1.66069e-04 -1.17255e-04 -1.13684e-04 -1.06041e-04 -1.06231e-04 -9.03005e-05 -8.14278e-05 -8.58224e-05 -7.78073e-05 -8.28670e-05 -7.61791e-05 -6.78379e-05 -7.40839e-05 -6.59117e-05 -7.26837e-05 -6.43099e-05 -6.10773e-05 -5.54176e-05
8.43715e-05 1.24380e-04 1.41164e-04 1.27285e-04 1.51465e-04 1.56934e-04 1.56129e-04 1.56068e-04 1.59086e-04 1.51820e-04 1.56060e-04 1.46402e-04 1.53322e-04 1.42187e-04 1.51689e-04 1.39901e-04 1.41671e-04 1.32677e-04
1.69698e-04 2.06534e-04 2.11736e-04 2.05331e-04 2.11713e-04 2.09999e-04 2.02287e-04 2.04731e-04 1.95292e-04 1.99532e-04 1.94010e-04 1.87568e-04 1.95962e-04 1.87595e-04 1.96921e-04 1.90173e-04 1.77635e-04 1.75156e-04
-2.53682e-04 -2.17911e-04 -1.84982e-04 -2.10156e-04 -1.78135e-04 -1.42279e-04 -1.24086e-04 -1.36971e-04 -1.20948e-04 -1.30063e-04 -1.13556e-04 -8.75330e-05 -1.10695e-04 -8.46804e-05 -1.07511e-04 -8.19341e-05 -7.60302e-05 -6.06784e-05
1.36252e-04 1.74662e-04 1.72589e-04 1.94004e-04 1.75778e-04 2.02679e-04 1.86310e-04 2.03150e-04 1.89202e-04 2.02390e-04 1.92156e-04 1.81693e-04 1.88191e-04 1.76049e-04 1.84828e-04 1.71500e-04 1.62056e-04 1.46012e-04
-1.88671e-04 -1.63247e-04 -1.69131e-04 -1.62194e-04 -1.68660e-04 -1.62580e-04 -1.60877e-04 -1.62519e-04 -1.60896e-04 -1.63300e-04 -1.62982e-04 -1.52236e-04 -1.59810e-04 -1.52023e-04 -1.58704e-04 -1.51531e-04 -1.47756e-04 -1.41157e-04
