1797
97
1
77
-726
-359
-54
667
-417
-238
-940
83
509
-372
302
62
1593
317
15
355
-595
-178
14
738
-450
-272
-1098
-136
503
-247
237
-36
1630
388
108
457
-505
-117
101
637
-350
-97
-991
-377
458
-292
-114
145
1451
275
66
403
-482
-117
99
556
-189
-67
-875
-441
318
-387
-410
130
1154
197
53
320
-485
-174
132
501
-21
16
-753
-421
168
-427
-705
48
833
143
54
253
-412
-243
128
427
52
52
-641
-365
43
-505
-776
-28
561
112
5
247
-376
-285
136
343
120
96
-472
-265
-86
-585
-736
-86
348
79
1
236
-295
-302
120
235
145
117
-324
-211
-167
-628
-529
-129
162
35
-25
253
-221
-301
117
154
145
98
-163
-113
-233
-678
-440
-135
-21
26
-31
269
-173
-300
109
36
131
96
-7
-40
-289
-717
-343
-146
-199
10
-78
275
-86
-292
109
-47
100
87
71
53
-319
-742
-235
-127
-359
9
-122
305
-22
-274
100
-154
60
74
201
140
-350
-768
-129
-126
-497
-5
-119
313
45
-267
94
-270
7
84
270
182
-378
-776
-65
-111
-627
-4
-129
301
97
-234
93
-347
-59
33
343
223
-377
-820
-6
-110
-728
4
-166
308
168
-230
86
-461
-134
33
380
275
-416
-846
60
-104
-800
20
-181
300
211
-210
83
-560
-186
-3
460
334
-409
-864
94
-107
-848
23
-135
321
196
-148
87
-649
-257
38
544
335
-432
-874
141
-97
-719
47
-162
332
297
-190
77
-711
-278
75
583
378
-473
-885
185
-85
-543
47
-173
309
314
-71
65
-688
-349
-18
591
428
-496
-905
184
-61
-425
74
-135
288
403
78
48
-625
-407
-27
311
324
-325
-758
211
-64
-264
41
-125
296
383
74
73
-566
-402
4
243
369
-271
-737
164
71
-263
101
-125
338
374
183
57
-335
-620
-36
-41
34
-122
-538
300
114
