0
0
0
0
0
0
0
0
0
0
0
0
0
0
0
0
-227
-175
1078
464
-35
496
-13
593
-675
-231
-884
1843
682
-549
447
-970
-329
109
804
550
576
458
-12
253
-730
-208
-545
2442
644
-569
300
-770
-285
118
581
501
634
272
18
-328
-553
-208
-246
2394
541
-630
185
-655
-194
184
394
366
375
19
26
-682
-323
-110
-229
1807
355
-633
192
-613
-115
242
248
307
167
-166
39
-810
-121
-24
-172
1270
115
-640
295
-522
-63
268
83
256
-5
-242
36
-853
-45
49
-174
864
-15
-658
284
-423
-23
291
-50
223
-142
-280
42
-719
49
70
-147
496
-147
-661
266
-317
-17
316
-149
204
-227
-294
49
-555
102
113
-125
189
-230
-662
220
-220
39
343
-234
216
-269
-300
55
-419
132
148
-57
-18
-289
-669
160
-108
54
334
-337
222
-309
-291
57
-247
133
161
9
-180
-362
-673
69
-13
95
335
-391
208
-329
-302
58
-151
112
141
37
-369
-364
-678
-38
80
129
321
-414
221
-359
-300
65
-46
97
136
78
-521
-398
-675
-127
153
144
309
-413
203
-366
-293
75
36
65
114
69
-668
-423
-678
-235
248
180
306
-465
187
-363
-306
83
108
-11
89
53
-806
-440
-696
-353
321
204
276
-468
191
-380
-307
93
178
-49
76
62
-841
-464
-713
-427
392
171
249
-484
187
-380
-305
94
266
-101
-64
36
-938
-444
-706
-521
485
232
195
-502
193
-378
-316
96
294
-114
-110
45
-747
-466
-741
-626
525
208
171
-556
197
-381
-395
90
358
-227
12
-34
-770
-413
-706
-694
656
308
160
-510
232
-316
-384
90
383
-169
44
-16
-592
-477
-678
-668
696
332
51
-383
185
-309
-183
137
407
-146
1
-128
-385
-449
-652
-421
753
174
-4
-296
336
-114
-227
51
441
-195
-8
-43
-464
-286
-579
-288
689
