164
-303
-52
-455
-224
-237
-272
-380
97
43
-328
165
-9
-398
-403
-75
295
-95
-42
-463
-251
-272
-215
-420
195
-9
-184
-45
6
-501
-223
-293
185
-262
0
-514
-318
-324
-193
-302
131
-3
-340
18
111
-662
-323
-149
13
-110
74
-381
-227
-276
-163
-218
231
-3
-281
81
139
-559
-86
32
115
-75
144
-396
-212
-240
-107
-112
295
-32
-238
66
194
-664
-178
-220
25
18
126
-282
-295
-222
-67
-41
220
-26
-194
63
142
-558
92
-62
176
9
198
-254
-100
-314
-34
88
255
-27
-122
25
131
-616
27
-258
-68
40
159
-182
-395
-129
6
124
221
-22
0
148
171
-618
224
-89
147
75
167
-78
-56
-347
39
294
243
-33
167
-24
146
-595
257
-285
-46
110
162
-55
-373
-1
64
283
180
-7
80
152
170
-558
385
-66
3
161
199
-36
46
-218
98
424
159
32
112
43
186
-545
338
-269
-185
157
123
55
-346
67
119
393
183
17
175
142
143
-506
548
-74
-138
259
128
60
167
-172
147
570
131
-69
-3
34
142
-422
422
-203
-138
239
70
95
-317
177
157
454
104
-68
-82
200
142
-395
500
28
-109
359
98
126
310
-149
182
604
100
-118
-172
61
132
-308
441
-167
-54
296
-16
218
-289
256
198
479
108
-101
-133
191
110
-318
606
70
-68
395
90
207
421
-98
232
612
90
-121
-375
9
112
-191
458
-116
-76
313
0
298
-234
319
246
497
60
-57
-245
213
102
-220
581
98
19
365
127
243
504
-77
250
600
21
-277
-527
-16
71
-137
439
-82
-21
338
-4
372
-236
271
272
444
-13
-194
-198
272
94
-193
467
120
94
392
117
343
561
-124
272
523
14
-199
-531
15
84
-94
379
-34
12
345
0
446
-194
248
295
342
-108
-248
-233
293
105
-140
310
181
129
390
104
425
579
-142
292
367
-73
-199
-441
97
70
-61
158
-57
44
324
-3
529
-232
216
290
183
-162
-292
-109
314
53
-118
118
168
189
300
113
436
581
-144
297
185
-132
-218
-390
27
34
-90
-8
-46
69
299
-3
580
-232
208
284
70
-262
418
-28
318
16
-130
-137
203
239
278
82
482
583
-138
286
-46
-226
454
-349
-3
-17
-81
-238
-55
106
205
-65
608
-266
211
278
-63
-325
535
45
306
-54
-166
-342
205
237
199
6
481
577
-168
269
-256
-244
493
-245
-84
-45
-118
-335
-55
67
97
-108
604
-291
154
221
-275
-336
595
179
226
-54
-218
-520
239
229
98
-67
503
565
-210
220
-467
-220
457
-58
-144
-118
-222
-470
-6
38
-29
-200
553
-381
152
177
-413
-346
698
259
155
-132
-323
-635
255
241
-79
-177
454
533
-272
150
-587
-217
708
43
-179
-151
-306
-538
-18
-47
-239
-306
454
-502
78
111
-421
-280
738
321
79
-187
-420
-562
239
212
-267
-315
326
453
-351
121
-535
-212
-211
197
-222
-311
-447
-518
-42
-135
-403
-406
323
-660
-40
49
-326
-305
-349
361
-47
-444
-635
-422
277
119
833
-493
242
303
-307
101
-337
-392
-339
119
-321
-597
-539
-317
-184
-172
-138
-476
84
-937
-25
-280
-359
-394
-238
-28
-289
-893
-322
-229
212
26
-169
-691
241
192
-194
-474
-514
-277
-226
-148
-430
-846
-452
-458
-406
