14
-67
102
-7
-57
96
-5
54
-63
23
79
-64
-98
93
-93
43
34
-54
99
-19
-76
107
-21
118
-19
-29
59
-82
-87
31
-133
64
18
-33
123
-10
1
99
42
55
-74
14
43
-47
-127
-6
-97
21
1
19
27
10
-71
-52
-34
184
-39
-37
-44
-235
-97
89
-144
76
-4
-58
39
-37
8
85
-50
151
-73
84
-40
-296
-96
85
-272
50
111
-24
46
67
-5
38
-7
162
-9
-31
46
-185
-30
22
-202
96
46
-46
125
37
-25
27
19
72
-32
-4
154
-75
-150
41
-90
-21
48
-78
0
-27
-10
-38
-24
58
-19
8
119
-96
-82
61
-161
-7
11
-38
120
-10
52
46
-9
23
-38
-18
28
-75
-154
71
-65
9
-93
-10
130
113
-163
-1
88
169
17
24
-94
-2
6
-67
-63
79
108
-34
74
13
-141
-29
-33
239
10
-85
23
-96
-213
-146
23
107
137
106
59
3
-82
-68
13
201
41
0
-142
-13
-151
-20
7
12
-37
23
-100
143
-9
93
-69
43
50
17
-9
-21
38
150
-22
-87
170
-24
28
-14
-155
55
-9
244
-132
25
192
-240
-101
-31
-97
84
-30
27
118
-7
65
-36
0
143
-15
-5
23
-32
-16
-49
-81
26
89
60
4
139
-139
-15
75
41
-85
25
-97
-91
-32
-71
-117
138
200
-86
82
-8
57
13
-35
208
-62
145
14
-14
-3
-178
1
88
323
-10
45
49
73
24
23
202
-104
22
42
-74
-47
-180
12
-25
15
-75
61
-3
-69
64
-7
-35
-78
-2
76
-45
-38
81
-137
73
-25
-27
108
-60
-50
1
-39
-109
-89
10
91
49
-43
41
-7
63
-34
-26
132
12
-27
15
58
-38
-30
-20
75
-41
-147
13
-146
28
-117
-59
78
36
-84
43
-43
-48
-24
54
97
-47
-85
-1
108
-59
-243
-72
25
32
-104
-33
-42
-128
-37
48
236
44
-107
53
-41
23
-73
-7
99
9
2
-76
-18
-11
-93
26
65
66
-74
-119
1
16
24
-29
29
12
-21
20
18
16
-64
-22
3
-65
-47
51
-83
24
-15
-46
48
-52
3
-29
-12
-2
-9
-17
56
-25
-86
58
-24
39
6
-17
57
-23
47
56
-2
-34
-64
-10
22
-44
-120
61
-56
35
70
-42
88
8
-116
58
-1
-37
-74
-43
76
-109
-66
107
-206
50
14
-28
53
-57
-71
81
-42
-47
-29
-1
67
-31
-44
33
-50
20
37
-33
98
21
-22
60
34
-28
-32
-7
21
-115
-65
74
-168
24
67
-42
31
-1
-30
-15
-12
-58
-31
13
5
-155
2
-57
-15
15
10
-44
21
-31
21
21
-52
19
-33
9
111
-160
-90
67
-111
25
45
-17
42
-7
19
-73
-43
9
-61
30
-44
-150
35
77
-149
37
105
8
76
53
-20
39
20
8
-48
-1
45
-54
24
113
-129
47
110
-44
9
-51
-8
-17
-13
-25
-54
39
54
-95
-76
50
-177
-12
80
8
62
19
30
9
6
-97
-103
2
72
-28
-98
98
-92
11
-96
35
-44
38
-55
32
-50
-139
-83
64
-38
-3
129
-24
-130
-161
-110
-69
84
95
-15
72
-2
-63
-111
47
31
-73
-202
-140
173
-64
21
-47
4
131
28
-14
-24
-28
-118
50
-66
-75
8
-93
-71
-181
-137
-13
-52
108
-43
17
-2
57
104
-61
14
-72
-53
115
47
-70
-209
-84
-56
-1
-47
-17
-50
-73
-169
-13
99
17
-72
-1
50
-74
-112
24
-24
45
113
-5
-52
-19
-15
23
-54
124
17
48
86
36
-8
53
168
89
82
-44
-55
43
-81
36
-112
24
148
-103
10
53
-27
-39
176
22
47
-89
-69
106
-62
38
-39
75
-85
-49
-44
-12
-43
9
94
66
-4
-29
79
12
15
-3
-62
54
-35
-204
25
-45
64
-33
88
9
-73
31
8
-105
-85
-23
93
-39
-50
100
-123
97
-47
-18
101
-78
-60
-25
-41
-174
-84
-11
97
60
-52
19
-83
29
38
-37
43
-18
-39
30
41
-12
-99
31
-20
-51
-120
33
-60
81
-49
-71
-22
40
66
-13
-68
-63
21
32
-39
50
58
119
-117
57
-209
-46
2
-29
-35
-5
-43
-164
-57
-33
81
54
-166
107
36
36
-131
-34
28
-32
64
-50
-16
-52
27
-31
-43
57
-48
-17
-14
-51
125
-11
85
59
-56
45
38
65
-35
14
63
-69
-61
128
11
73
-48
-34
40
-77
12
-27
-14
-15
-25
-33
13
0
-135
55
-58
24
37
24
-13
9
45
-4
-4
2
-62
-17
47
39
-116
100
-67
29
12
-19
5
-60
-123
126
-35
32
-44
-50
73
-30
7
28
-109
24
101
-36
20
49
-48
60
25
-90
-28
-38
73
-59
-19
57
-274
35
6
59
87
16
-68
14
-77
43
-97
64
5
-205
39
-82
-143
-41
42
-54
18
-17
8
84
-47
111
9
93
71
-188
-89
102
-223
48
107
32
50
1
52
98
-1
50
-93
10
-46
-174
-5
-22
-120
50
59
-8
-44
56
-63
-1
14
-58
10
-17
136
-92
-20
71
-85
17
90
-79
-17
-35
-36
16
-27
4
-13
56
109
-51
-69
40
-142
-3
32
-39
15
13
64
70
-22
-24
1
-13
56
-10
-72
83
-199
32
62
16
-30
101
-60
-41
-91
82
-206
-39
-61
-16
72
-7
45
39
197
4
-17
-18
-92
-27
41
160
-115
-44
148
-61
-12
-38
-39
47
-4
87
91
-14
-8
56
40
226
-6
-33
-48
-48
127
-92
-70
-140
-51
33
79
12
34
81
-8
155
-116
-21
135
-23
44
33
-19
38
97
-30
29
-43
-18
86
-21
139
-91
16
118
-226
-218
22
-47
39
0
-23
-57
-40
-67
23
49
28
7
-20
-67
-109
-39
32
-31
106
76
-17
-124
76
-116
-67
26
38
-71
-7
57
10
22
-9
149
66
130
-7
74
-4
1
43
6
127
-58
-28
-45
-61
-108
-42
-98
128
165
19
-35
91
45
-10
-52
104
-50
32
-33
-74
-103
-92
-103
-14
80
-16
48
24
-83
47
-4
6
-124
-9
95
-36
-29
73
-144
85
-24
13
118
-55
-101
1
-43
-120
-115
22
126
45
-21
13
-43
64
57
-17
70
23
-25
66
39
-66
-83
-13
-2
-57
8
38
-92
58
-42
-47
66
3
28
33
-10
15
28
-5
65
26
25
11
-184
60
-145
-61
-2
4
-38
9
-57
-128
-39
60
140
39
-159
65
-37
48
-54
-21
43
-11
13
78
-61
-90
-17
-24
-24
29
64
28
20
-17
50
7
-57
51
-52
-5
15
-28
13
10
50
-87
-52
78
-69
62
26
-55
-53
-53
-14
-76
-16
-66
-13
-26
66
-24
-69
18
-34
29
-13
6
-19
-6
59
12
-17
-72
-37
-17
7
-10
-67
59
-38
33
107
-6
-194
24
-113
153
12
-91
-85
32
60
-37
-29
114
-177
74
-31
1
-116
-50
-72
37
-30
-18
-44
-53
31
-10
24
50
-33
67
58
6
-61
21
-27
84
24
-95
-85
-3
-3
-90
-27
41
-197
65
102
9
-81
59
-107
92
-34
30
-44
-3
114
-58
36
-116
-69
11
93
-58
-20
-23
14
33
-64
66
-35
24
82
-165
-99
64
-150
103
-4
-54
-157
-1
18
-67
11
-40
10
-7
-17
-186
-107
66
-30
63
101
55
-174
59
-51
23
25
14
-10
6
71
-99
24
64
-232
66
123
-60
-105
-53
-25
17
-6
-14
-31
26
91
-51
-39
27
-199
33
55
7
-147
8
28
92
-3
0
-29
-35
45
-41
-25
105
-111
58
-148
-43
142
44
-137
52
-62
-6
-155
33
-84
94
-31
33
-7
-90
-72
-48
107
108
-148
-43
-105
-70
-152
-6
12
13
-50
-121
-80
-26
72
-68
8
166
7
28
-28
13
-31
46
-150
-137
-75
-101
39
-35
15
10
44
6
-29
56
-20
-67
-64
-31
-38
35
75
52
55
18
-180
-46
67
-19
-66
3
-67
-117
-176
18
21
65
-161
37
49
13
-162
15
-33
103
120
-35
1
2
-113
-22
-23
3
35
-9
-24
-37
4
101
-12
13
-37
54
-52
-12
-81
-3
-60
109
100
-66
92
-92
5
-43
-38
14
-19
-146
-32
54
-4
-33
-24
43
-5
-35
-34
-12
71
48
37
156
-30
-100
-58
85
-147
-52
-35
22
-37
-155
124
-23
92
-10
-190
29
-77
11
-17
-65
-79
-8
60
-31
-36
97
-132
112
11
6
-195
-45
-92
19
-53
-86
-94
-6
134
81
-59
27
-83
54
50
17
-182
24
-54
47
43
-57
-76
12
63
12
-102
77
-259
63
3
-44
3
35
-15
20
-33
-183
-84
-65
40
12
-136
-70
-111
31
-155
-59
1
-41
-14
-38
-60
-162
-84
-17
54
51
-141
79
3
78
24
-38
-138
-40
40
-71
-23
-40
-77
-61
-150
32
-25
-62
62
75
92
71
-234
64
-66
-6
5
10
-32
8
85
-22
22
87
-153
74
-48
-36
-41
-76
35
-64
-17
-47
-16
-56
6
-27
-124
44
-4
32
5
37
-258
9
27
45
-2
-30
-64
-9
22
31
-85
84
-67
58
101
78
-13
121
-78
-3
92
84
171
-28
-91
65
118
-43
35
141
39
77
58
143
-46
83
-44
18
62
-28
-109
-15
80
-85
-57
-57
-57
7
2
24
11
4
-31
-44
30
10
-3
23
-20
-2
-23
-2
41
55
14
72
10
-30
123
8
-53
3
-42
60
-66
-99
58
49
43
44
-12
3
21
20
101
39
29
28
-31
14
59
-31
9
-78
101
-23
-8
158
-58
-6
-12
187
-10
3
-70
-139
-53
-135
-41
9
-56
49
83
62
-144
-55
74
29
70
-20
-14
-35
-38
-21
44
87
1
31
-62
179
44
-65
-58
54
-46
7
-145
-5
-57
-73
1
5
82
35
147
-33
-16
-18
182
244
164
-6
-112
-4
189
-119
94
-15
-13
83
-185
37
-97
2
-3
-112
-94
13
-79
-34
2
-45
15
61
19
-55
109
1
25
-18
58
37
45
-24
-12
41
-4
-110
23
48
2
12
6
54
-67
-51
54
-82
-20
3
-94
-27
-38
23
8
-53
-10
-18
23
27
31
-12
54
-3
18
-5
-10
-25
-16
-26
35
11
-54
171
-13
131
-22
-1
-13
29
-92
-4
2
-31
11
-33
-17
75
22
17
-8
36
15
-21
3
-31
70
-18
-9
20
42
-8
-3
-7
39
57
23
110
-145
-29
-104
33
-9
0
-75
30
16
-82
110
50
-30
216
-106
46
-1
25
-33
-42
67
7
-41
-45
48
-18
53
-19
-22
173
60
103
29
-147
-101
18
8
1
-96
11
-141
-112
167
59
-44
116
0
67
35
34
136
51
48
-28
-36
-45
6
-39
-126
-30
47
57
-83
109
-52
-19
-15
-59
10
-11
-84
37
-34
-3
7
-5
-78
-38
0
13
45
10
-19
-23
-68
-1
28
-15
-5
26
-17
25
47
64
-4
-32
-19
-74
-22
65
10
-3
-13
5
79
-50
-39
17
68
35
63
50
22
-8
-7
23
50
10
-41
-18
-7
-38
-9
-41
157
108
24
-16
-26
62
3
-1
-17
19
17
-77
12
-19
-5
92
-42
25
86
60
-86
-115
25
19
-44
-10
-33
-90
-70
-49
-138
73
75
12
-94
27
-110
32
-103
22
-17
14
-105
2
-69
-78
-20
116
-22
30
6
48
25
8
47
-25
36
-9
-42
43
60
-25
54
-14
88
-13
-73
148
33
-33
-28
-36
31
11
-17
16
-65
-29
35
95
-34
39
74
-28
-91
-70
-62
140
56
-11
-33
-4
113
-190
-1
56
-11
66
80
37
-72
-101
6
-8
53
9
-54
0
-39
16
23
33
49
27
-23
35
31
10
17
1
52
10
-36
-28
-24
-6
-85
-71
-47
84
-7
79
-36
27
54
30
-100
9
-6
50
-64
-15
12
90
11
9
13
32
-11
-16
5
-46
28
-4
-4
-15
-44
-60
40
24
33
2
-8
63
-68
-4
3
-35
84
11
-24
-84
6
-91
-47
27
37
215
-45
149
-90
79
-65
84
94
-10
-62
38
-43
-98
-50
11
48
52
-6
107
-132
-110
-5
40
-66
34
-59
121
-42
-136
21
77
-100
-23
69
68
-150
-24
-29
-52
-15
-1
-45
37
11
-172
-72
-60
84
66
-33
59
-45
43
56
-19
45
21
28
-35
-9
-21
78
6
50
11
16
25
-52
-14
0
-1
56
13
-44
19
23
-15
-16
-71
72
25
-58
112
-72
52
21
-43
90
5
-91
-41
14
-23
-11
-131
-27
20
25
75
8
-87
14
11
55
-13
-46
11
49
-34
39
1
-120
4
-33
53
-66
39
-109
147
-139
-40
2
124
35
-64
-1
-89
70
-42
-78
44
-41
1
23
57
22
10
-76
-17
159
-168
-96
-2
125
57
-6
53
101
80
-59
79
28
14
-86
99
-46
-91
-65
100
15
13
106
-13
-11
-41
114
124
16
2
-62
17
-16
-62
64
-6
82
-92
51
124
-42
61
-60
-134
-53
-44
-62
-28
67
-66
42
-38
-36
-24
-43
-64
-19
-75
101
-13
-58
3
-29
209
-76
-95
-32
-2
3
-16
81
38
-37
9
84
-45
-81
-3
-63
91
61
-112
18
-40
-46
-2
8
-16
-17
15
-17
18
-30
1
31
1
-52
9
10
-48
-23
7
18
54
-232
4
71
49
-73
1
-56
36
38
-94
167
20
-34
84
3
15
-39
-10
47
-4
35
5
-61
41
29
-74
79
-24
-7
-45
-41
105
-191
-19
-16
4
-89
-23
-108
95
18
-44
-68
-139
109
84
-11
138
3
39
0
-98
-68
73
-83
10
-27
-183
-52
-62
5
62
-9
13
-97
37
-5
-225
-47
-14
-63
128
-116
-113
70
61
-90
-23
-5
-18
12
-8
-72
13
-5
12
-137
82
-28
-156
-55
-51
-19
14
83
22
132
16
62
42
-1
-7
-1
167
119
-32
122
24
20
9
25
21
32
-35
58
6
12
-6
4
-6
-3
-19
21
10
59
86
-92
105
-39
14
89
-10
83
-6
-92
-44
-30
-48
83
-116
-18
-15
-35
15
-12
12
-34
-41
-23
-9
-4
10
-42
50
0
11
12
-4
17
115
-20
19
-6
-20
3
0
-47
32
20
108
-31
-1
38
51
-77
146
55
-34
-101
62
118
-9
-106
-17
115
-33
-17
-35
21
64
55
158
-163
-64
40
-35
-69
-16
-146
154
-98
-68
46
62
-14
48
-56
48
24
43
23
110
23
-3
-42
74
-9
-66
-53
-99
34
44
68
54
0
5
96
-27
61
-5
-51
109
169
-70
54
49
11
14
37
1
-5
-38
-23
20
72
0
-58
21
77
-36
90
-7
-90
-11
85
25
-97
-63
-108
-107
-154
16
-96
-18
-41
9
4
-98
6
14
29
83
-105
-67
-5
-46
30
25
-39
79
-143
-30
110
-23
10
81
-35
82
-106
-53
69
5
-73
-15
-39
4
-3
-3
-125
-82
15
82
1
46
4
-118
-27
77
52
-10
-88
15
-74
-68
22
-20
-2
142
167
-50
-116
-31
80
-1
0
7
-9
180
179
36
217
20
6
45
-13
8
2
-16
61
62
142
9
-64
-31
42
-3
42
-97
42
27
107
126
-169
-106
22
-29
-52
10
-72
68
-17
91
-27
25
31
153
-22
86
88
-132
-47
65
-113
-8
-91
201
154
-187
276
-132
-4
-59
137
26
-56
-58
-11
-65
-77
20
-52
141
134
-68
164
16
8
-2
-20
-58
-51
74
-30
40
-36
-27
50
-33
-83
14
-30
81
0
-52
133
42
14
21
20
-178
-28
19
100
-11
-58
85
17
41
129
-10
-114
75
-67
-13
-48
-11
-30
24
-15
-162
57
-2
-91
105
15
-34
-19
-25
-8
70
-30
142
-42
-1
123
-213
-118
65
-157
47
133
-76
-100
60
-92
117
-6
19
-57
-73
104
-220
22
23
-87
33
35
-53
106
-15
3
52
24
-55
-88
10
19
-16
-99
53
-21
29
44
-89
75
-55
-14
-40
-29
2
-47
36
67
-106
-73
32
-130
63
8
-19
109
-4
58
53
-2
-71
-57
47
98
18
-111
49
-110
42
-59
53
12
62
-46
30
-25
208
-8
-16
30
15
-83
-141
-109
34
-12
23
-29
106
-81
-57
-50
-7
83
-34
-108
66
-77
-108
-82
-92
-4
31
-90
4
-30
46
-33
92
-67
6
67
-42
-61
-11
-52
-9
235
-9
-14
-67
-10
87
-10
140
-179
-56
175
-287
-165
-116
-77
-36
-72
-3
23
13
51
-25
76
108
-52
25
53
8
150
-41
35
69
196
55
-39
98
7
-74
-104
-59
-73
22
-53
-95
-72
-60
-26
52
-53
-94
36
84
-70
-59
-17
74
61
-4
49
-178
-154
-25
-89
136
59
40
33
87
2
23
-15
-39
-44
37
-54
-70
46
54
7
-114
2
-71
119
26
-72
-52
-15
-262
-47
7
142
-52
-35
91
-26
81
-67
-11
112
-66
-34
0
-39
-144
-80
33
88
105
27
51
-19
73
23
-55
144
28
7
17
47
-19
-36
-1
108
18
-53
8
-164
85
-71
-26
-54
7
-87
-110
-36
-150
-46
71
99
87
-49
-40
-201
32
-162
-41
25
-16
-29
75
-55
-110
-75
42
150
73
-28
28
18
96
-63
-58
19
-50
34
-39
-15
-83
10
67
-52
61
-96
-172
-2
78
21
-35
52
5
22
21
4
-56
-29
34
33
27
-38
59
-41
91
-39
-29
10
-63
17
-16
-10
-18
-9
-9
43
-7
-48
12
-20
49
-40
-20
99
-20
64
39
-4
-97
-63
-17
62
45
-92
59
-58
46
23
21
18
-67
-74
71
-33
-47
-87
-6
58
-1
-46
5
-81
62
48
-3
64
67
-44
31
28
-197
-32
27
163
-14
-75
44
-198
44
49
-19
-27
-35
-100
-50
-21
-199
5
-5
2
-133
77
-125
-86
75
20
-38
20
34
-10
-44
-42
23
-16
67
194
-181
-79
103
-91
68
-24
1
-15
-30
10
80
-23
127
-110
5
-62
-48
98
103
-102
77
137
9
80
61
-44
53
43
-210
-79
47
97
-59
-29
97
18
44
105
-49
53
-54
-13
-22
-23
-14
-119
-2
77
-58
36
12
-172
24
27
14
50
28
72
49
-15
42
-110
-5
45
48
-33
82
-80
47
-86
-107
-38
27
-25
-9
-47
-108
-64
41
-107
37
-102
42
93
27
-99
-15
-45
102
15
-44
-3
34
-98
8
-85
-25
30
-175
36
-20
-20
19
-39
91
-120
108
14
28
-123
-55
-21
42
15
-135
-5
-25
-244
5
16
-53
0
83
-67
-131
-241
34
4
20
-46
24
20
26
-25
-44
77
41
-14
-63
-126
-107
-130
-4
29
-42
39
23
-28
40
57
-51
-88
161
-90
8
6
-51
-43
3
-152
212
-139
-165
2
-45
-94
-46
103
-53
-23
-48
-71
-105
-84
35
16
132
15
-89
18
61
79
50
-9
-2
5
-88
-72
-47
44
-2
-4
-129
-142
-56
188
-12
40
-48
69
-1
-95
58
-7
-63
-83
24
68
-47
-8
62
-67
106
-15
14
27
-41
-34
40
-41
-113
-30
54
123
108
11
34
11
89
-11
9
20
18
-30
-8
20
-173
-69
7
44
-16
-86
52
-31
71
-197
8
109
7
-28
19
-53
-28
-9
-20
65
27
-47
-100
4
28
-218
-30
48
-17
-62
56
-66
-206
-83
-11
85
49
8
68
47
106
-72
-17
57
-42
0
-49
-55
32
-39
-16
-98
55
32
-46
124
32
68
3
4
70
-54
-5
27
70
-52
-9
102
32
20
73
-28
97
-53
-26
50
-65
42
-21
-18
-64
-6
-59
-6
-20
-74
35
18
65
9
51
-2
-3
70
43
-1
-151
-99
14
20
79
-66
76
-24
41
-1
9
-74
-105
-57
88
-30
26
-68
-39
-16
-34
-21
-11
-100
81
90
-11
97
16
-10
78
26
-146
-89
-9
51
-47
16
30
-103
85
60
-54
136
-51
-176
37
-56
-65
-16
-89
88
-64
-17
22
-33
-77
21
-56
11
-33
-28
27
-53
111
-36
5
171
-227
-64
51
-193
18
93
-24
-72
9
4
-64
-5
39
-104
14
-30
-67
19
38
79
185
80
-3
48
53
-42
103
14
-25
-81
0
165
0
-33
10
-5
40
99
-79
-1
-79
-38
12
-14
-11
-32
-17
84
-87
-69
22
-120
23
33
-14
65
-5
64
46
-15
-106
-50
13
73
17
-58
49
-75
63
-21
24
-162
-22
-127
-84
-33
59
-88
71
77
-197
-74
26
-41
-120
71
-113
138
8
28
-27
-67
-26
21
-19
-146
1
160
-134
4
-94
17
-33
-27
-63
-5
68
-89
42
-54
-26
-41
-99
-64
-59
-40
-20
169
-39
62
-37
-27
-4
-59
130
-122
27
91
-228
-111
12
-63
182
48
29
-112
30
-23
-127
17
-15
-5
-47
26
-8
19
-101
67
69
-8
1
-37
54
-93
-105
-1
14
0
34
-103
-104
24
-149
-114
138
-33
-10
-50
-68
42
74
-50
-40
-67
-18
-26
-40
-64
-96
-102
24
132
-28
-117
9
43
-116
9
-60
-43
-13
21
25
-72
-2
78
3
5
3
133
-42
-85
12
-41
-229
-94
7
146
39
-6
25
58
89
38
-37
146
23
-58
44
37
-167
-27
10
93
-49
-58
-28
107
94
-102
-50
-8
8
53
48
-96
-168
-4
-44
40
94
31
-99
-55
17
-189
-78
47
-13
-55
74
-55
-50
-58
-17
161
59
-71
47
-6
81
-24
-17
64
10
-48
-94
-76
-136
-5
11
91
80
-140
-162
17
56
16
20
-4
47
-10
-2
0
-43
0
40
58
-13
-59
74
31
69
-13
-44
21
-67
18
-24
-17
-21
50
-2
46
-15
-97
14
-74
64
-26
9
1
11
37
50
-5
-108
-51
-1
135
90
-60
39
-29
45
8
7
-134
-73
-60
65
-36
6
-58
-30
76
-28
14
-3
-37
76
68
-11
-137
16
-45
30
9
9
-67
33
53
-36
-55
17
-65
94
88
46
31
-34
1
-90
33
8
-11
17
26
-154
3
-22
-137
113
27
-43
-64
-33
4
40
-41
80
-21
62
120
-240
-114
54
-63
78
64
30
-84
-10
47
66
-63
-72
-119
13
-58
-99
-17
13
-98
77
97
31
-167
38
-78
15
9
-89
-68
24
43
-109
36
47
41
61
89
-63
-185
-57
16
-22
-22
42
-41
48
74
-37
-25
22
-184
43
47
23
-231
13
21
10
-16
-151
-92
9
100
-14
-37
53
-64
42
-152
-27
-51
63
-194
36
-84
-281
-101
-23
8
-97
-65
-205
-41
18
75
-31
104
193
60
-9
-117
-107
-85
0
-22
-8
-164
-50
-65
-101
9
-74
107
-20
-82
-59
-56
73
-13
-2
15
23
-84
-114
55
60
-69
-36
39
-26
-17
47
-62
-54
-238
-13
138
27
-105
-49
206
59
2
16
66
-18
99
-26
35
-63
54
-22
20
-36
67
-123
-6
-87
-48
58
71
85
-23
-105
-97
-88
-138
-20
-91
114
33
-34
134
13
-81
-24
119
56
95
4
-61
85
84
-45
-26
10
-121
28
113
84
109
-13
27
118
-10
100
-11
-57
-30
-1
-75
-34
150
-133
13
0
84
32
-95
23
-72
37
14
-207
-80
6
159
51
-46
103
-50
103
-51
25
-152
-43
-122
46
-46
-80
-85
16
139
50
-60
32
21
56
28
-6
-359
23
-85
8
10
-44
-85
-5
91
3
-21
33
-47
104
-114
-58
-42
12
61
29
-81
-26
28
-61
-69
93
-55
-37
-75
121
-231
-20
40
-87
61
19
-69
-228
-116
-100
-69
77
-102
63
54
158
-89
-6
-6
46
-15
65
-51
-176
22
-86
62
143
-42
-3
8
-48
48
39
-200
15
-43
-17
13
-181
-51
-11
46
-31
34
71
19
91
-88
-7
-85
-63
77
-92
-26
-42
-13
-47
9
33
-94
31
5
66
37
33
-338
-10
56
37
-12
-102
-62
-14
59
56
-104
46
96
79
102
-98
79
-42
-5
16
-42
83
5
-21
-84
-185
-40
-176
-212
25
-36
71
-83
78
1
59
-57
143
73
-40
2
23
18
-117
22
45
10
98
-8
-26
-44
-11
90
62
66
5
-58
42
1
-98
60
-39
16
89
-11
3
92
-118
-61
218
-182
-14
-21
-324
1
-28
-33
4
94
-29
-91
66
-18
-63
-3
13
36
16
57
-84
91
-14
-56
-28
126
13
70
49
-119
6
-43
54
65
18
57
-206
9
17
0
-21
55
21
-43
-14
16
-1
-21
142
16
-50
25
-63
-127
-54
-70
-22
70
55
-72
-4
20
-17
-48
-7
17
-2
3
-9
-113
-21
-146
8
-13
17
-19
-80
-73
-20
95
151
1
23
-65
15
-16
-109
49
-64
78
45
-5
-43
29
29
-19
92
47
4
-31
-2
1
-2
8
-43
28
-9
13
2
7
-9
49
68
41
-4
-9
-1
21
-7
-17
40
36
-49
203
0
-66
-53
40
55
26
-29
-8
13
20
-103
-25
199
47
32
21
-29
44
3
-19
42
-4
-2
27
1
57
-5
-9
-16
0
-35
56
32
21
44
26
19
75
-11
-24
-14
79
-27
18
-52
66
42
112
17
-40
-83
53
78
10
5
-16
-24
16
-51
-85
-127
-9
18
-3
30
-25
-49
15
33
-20
-1
-42
-1
12
-20
60
-30
49
5
-205
-34
-136
-21
-42
-79
-36
-24
-12
-144
118
-86
-98
25
58
15
-115
11
-13
17
8
-93
-13
-8
-31
-70
-78
-43
45
-9
18
48
-14
-8
-22
-41
-11
-3
-32
-6
-53
-20
-2
-12
-86
12
-162
89
-26
16
-68
33
-74
15
-54
-4
62
99
-113
-40
-27
-23
86
32
-62
56
-68
-121
-14
12
97
44
-15
30
-22
-23
-47
75
137
-63
-95
11
-44
-57
-3
117
78
-94
-39
-110
-7
72
-97
53
82
38
-109
-75
-11
-170
-11
-8
71
33
0
-102
-98
-32
-45
23
-26
51
-66
-8
82
44
-8
102
60
-75
6
-109
6
92
-82
-31
-77
9
-24
-33
-158
84
16
40
77
30
69
-80
-43
-46
-130
11
75
-67
1
9
-93
-31
47
25
12
-7
59
-109
39
-53
24
34
-31
-27
24
10
-34
-96
9
35
34
-15
-41
-49
66
21
-57
36
131
109
-92
-44
-13
-17
-49
108
12
50
132
-116
-107
-67
-130
32
31
-9
19
17
114
1
-80
-60
39
37
-61
-26
-83
-54
-53
-70
130
66
-53
-26
-59
34
-10
-137
-21
-15
-63
-107
120
13
-170
45
-10
-4
-78
-55
-67
88
6
19
109
-18
59
-165
70
-43
-267
-111
159
-23
36
-60
67
2
-19
46
-43
0
-122
-151
-73
-88
-83
55
64
80
22
17
-15
-73
78
208
19
-27
-57
69
86
-75
21
-127
5
11
-26
77
-28
11
22
3
-11
-4
-26
-1
-10
-12
5
-22
-14
50
20
26
7
-14
14
-3
52
2
-33
10
-5
-11
48
-18
-12
12
18
-39
-18
16
-51
-64
-132
0
-40
135
-63
-150
135
-108
5
61
55
36
-11
-4
-14
-12
66
-4
-53
45
-14
-31
-17
-48
-66
111
54
16
-42
14
65
-30
167
7
-142
42
75
-111
143
-6
-30
-21
-2
-3
3
37
-29
-28
-28
-2
12
-41
-31
24
-19
-9
-39
12
-99
-3
-38
-143
-56
59
43
14
29
-49
-59
70
5
82
67
-48
-40
-46
-74
-111
7
232
-271
-66
-171
-198
90
-71
-153
121
-11
141
-38
65
2
-14
11
85
13
-56
-84
98
-16
-54
24
-29
191
105
-75
-106
-81
-35
-22
-83
-60
80
-106
-158
-130
-45
79
144
63
4
102
16
19
-13
44
-14
118
-11
-90
-12
139
15
-86
-34
30
29
90
37
-71
-16
4
157
100
-45
103
-38
-37
-55
30
-14
-43
67
-92
-61
-11
-13
-37
-27
35
19
-20
-85
2
-35
-41
-66
46
33
-194
8
-29
-89
-43
104
-2
18
-44
-87
-75
99
-161
18
-6
42
22
-37
-151
-62
-46
25
-30
-28
-21
-175
73
-38
-126
59
60
81
27
32
-52
-24
-20
139
-101
4
42
-168
173
-58
-110
68
93
70
58
-48
-3
-98
-45
99
8
-41
16
-257
111
-40
-263
0
54
75
-20
62
10
14
8
21
-84
14
11
-45
14
-37
95
11
64
9
58
9
53
-47
-48
-75
-27
-77
-15
-142
0
-38
-60
-82
-81
22
-59
-68
-2
-17
-5
76
52
-27
78
-164
-53
0
-118
-88
70
-20
119
31
0
25
-64
136
70
-11
42
-133
-2
49
-184
67
-20
10
6
38
-26
-30
43
85
-25
-34
-65
-4
21
-33
-92
-14
1
16
20
24
13
-17
12
20
-55
4
27
-11
30
8
8
-16
28
22
8
-4
40
-57
64
45
53
1
-25
-10
-18
-65
-9
6
175
41
100
26
43
-45
-11
150
12
-17
-7
-29
-132
8
-101
-75
-39
24
28
40
20
8
24
25
-48
-5
-4
-7
5
-4
-15
30
-6
5
21
28
-44
-36
4
75
19
-10
-60
3
1
31
35
-56
33
41
-58
79
-35
-30
-90
91
91
9
-91
-23
29
-170
-17
100
40
60
0
69
3
17
63
16
-4
5
2
-45
15
-25
4
-4
89
100
-123
-53
-48
24
-11
-141
-38
-2
18
-101
-23
21
60
-13
38
72
-7
33
20
-62
31
89
-31
11
1
-25
68
62
40
45
4
10
-17
56
2
19
-14
212
-28
-26
3
-3
-89
-29
-88
2
-79
22
-9
4
-104
-200
-48
-42
15
-10
44
62
-43
-64
-116
94
190
42
-17
86
-145
104
9
-88
-1
59
23
-61
16
-174
-52
64
51
34
-81
47
-28
-124
-38
4
-47
11
32
-146
42
-126
-111
63
-59
8
-70
-49
-52
-178
-22
-4
107
-95
-55
-177
30
-20
-95
47
-23
36
-203
-1
-3
-112
-15
-15
-7
35
91
-90
35
-82
-27
-76
43
3
-83
-44
-1
33
-28
-42
-16
-45
6
-147
-135
-39
-82
-11
89
-48
34
-63
0
-46
-24
-98
-37
-44
-45
-66
14
33
-48
-3
27
26
-35
5
-106
-47
-41
23
-49
11
-16
17
-64
20
4
-56
139
100
-15
-9
47
-30
-40
89
77
43
105
-127
-180
-59
-186
36
101
44
49
54
73
19
34
104
12
39
7
-115
15
-25
-42
63
39
-17
-42
-7
-73
-9
-6
-133
24
-38
58
-126
51
-70
-11
-43
194
-30
37
48
64
-21
-59
50
40
-25
64
-57
117
-23
-69
80
63
15
-122
43
-6
49
-58
-9
-45
18
110
67
-59
-9
-98
33
-31
48
3
67
-5
45
-39
-38
2
32
-92
7
47
-56
59
-45
-4
1
-14
-40
0
12
-66
12
-19
-1
8
7
69
63
43
12
34
-2
-7
-49
-47
60
-29
-5
27
-7
-82
1
-115
-59
118
-195
5
-16
-16
1
-15
-11
-19
-26
-9
1
5
-4
30
41
-20
11
30
17
67
-17
0
-19
-24
-18
71
1
-45
74
33
-53
20
27
-72
61
61
-17
20
7
19
46
38
0
-99
99
18
-105
149
-85
9
69
-3
50
-46
-12
38
-14
88
-7
-69
-16
44
5
-3
-66
6
70
-56
-43
-79
38
-45
111
-93
17
-15
-3
-118
-20
41
95
93
73
-10
29
7
-93
4
121
-115
57
-17
25
-39
-11
-94
29
59
72
-23
55
5
8
-42
7
77
-23
-27
-4
74
-38
80
-3
-14
102
-296
-32
-172
19
-40
-120
-13
-16
88
-26
-60
-44
50
54
49
-14
-18
77
7
-14
-46
21
24
12
-30
68
-29
-2
89
-1
49
30
-22
-41
-121
-12
23
69
-24
7
-24
-33
-26
-2
-18
27
-94
23
-92
-56
18
-87
7
-26
107
-61
70
43
-111
-47
-43
36
38
-3
-179
13
-10
-91
-18
-69
-43
-104
24
-128
93
2
71
-4
113
-19
59
24
3
-20
-5
202
-55
-11
6
-34
105
15
-6
43
-27
-10
-10
18
-17
-30
61
2
3
-35
-29
-15
-18
-35
6
34
166
10
-38
-2
30
36
4
207
-170
1
20
-94
44
-86
-72
6
41
-29
16
39
40
-20
21
-5
-74
2
28
-26
49
66
-58
24
-15
-6
-62
120
-25
15
-107
18
-38
50
-59
-7
-66
59
10
48
-1
6
26
-7
31
36
-19
48
55
-16
-91
58
-60
44
80
108
37
55
-61
9
-107
196
23
5
-35
-12
43
-85
119
62
-61
99
2
43
-1
4
-27
-17
19
123
26
0
-49
-17
97
-42
46
-15
202
31
109
-49
-28
0
63
162
148
0
-52
-6
71
-5
-59
-52
54
57
90
3
3
-36
89
-23
51
0
-73
0
-1
-61
12
6
-130
-50
-11
-19
-72
55
-29
-27
-78
-17
-31
-61
-81
-117
59
19
81
2
53
20
-79
-8
36
57
-51
-5
13
10
-28
107
-37
-15
-24
2
-5
56
12
40
-26
-43
-44
0
19
-9
-14
11
-26
14
44
104
-60
-21
-114
-13
-35
-31
39
-18
-72
105
86
-25
49
-38
-32
18
5
-14
-18
38
8
5
17
2
-20
12
-18
22
44
5
-5
76
-9
80
-62
10
88
63
-23
45
-7
27
22
-31
-44
129
160
-32
-72
-70
17
26
-24
0
49
8
16
156
16
27
-22
90
-4
72
-74
-53
-20
-2
-38
-209
-154
-15
11
48
76
-16
2
38
-143
27
-23
-12
-35
51
-68
47
151
10
3
89
52
59
-2
49
83
-45
61
48
12
-48
11
-12
-93
5
-6
-33
-62
25
-10
-28
-16
-54
0
34
-18
52
10
-110
77
-9
10
-41
-70
-36
-52
77
23
-17
29
-25
-52
-24
-15
95
33
2
1
-9
47
-14
10
52
1
6
-11
25
-48
35
15
-21
-7
28
-24
-30
-93
41
-39
59
-88
-42
44
15
-10
-72
43
-70
46
9
-72
17
24
-53
43
154
-44
20
7
-58
-52
66
-6
-33
-79
25
76
-26
2
-123
-69
66
-28
29
8
75
10
47
12
-28
-23
-9
-30
-34
24
-63
16
-8
27
106
-28
-3
9
48
-87
75
50
21
57
-35
-33
-35
-85
80
42
90
-17
-16
-50
-13
-2
79
-42
31
-62
-52
5
-2
-29
-53
-19
18
42
-12
22
8
-44
75
5
1
-46
40
-24
-34
119
-79
11
35
-31
30
-108
-17
2
-167
-26
-12
-43
37
-6
-119
67
-86
-13
-1
-19
-15
-32
12
-60
-53
-9
0
13
57
-24
8
-12
-19
-35
-49
-41
32
-51
36
61
-37
32
33
-25
-13
13
51
-60
18
70
27
31
-38
-120
37
-11
22
130
0
38
-86
-50
6
6
-57
-146
52
-59
-3
-173
-8
27
-60
-77
-16
59
-17
103
-172
-128
25
-80
-51
35
-66
47
10
-63
46
188
-5
-24
-32
-13
-99
-171
-114
-64
-10
5
57
47
17
35
-62
-151
-4
-61
182
111
83
58
-20
13
32
-3
70
49
-138
-88
17
91
1
50
86
-16
76
-85
-78
34
-39
-32
11
36
47
39
68
-33
-4
22
5
-10
-1
-22
-46
-73
4
103
-18
63
65
64
100
69
-5
7
108
-34
-46
-34
-18
-19
-6
-113
57
-22
-92
-13
3
-8
6
-7
-32
-4
-21
21
22
-8
-69
-35
-10
-6
81
23
-45
-1
49
44
71
28
-108
171
33
47
-14
9
-3
-1
15
50
-19
59
6
-8
34
-64
-37
-26
52
-36
26
-61
0
15
4
-14
65
-7
-1
-52
62
32
-56
158
18
67
67
101
26
-167
47
-71
-84
32
4
-44
20
96
-74
48
71
-95
-64
22
-42
13
12
-19
-105
83
0
-16
48
109
-27
-13
105
14
-3
30
25
6
-62
17
27
-16
3
-6
4
-23
-37
45
-13
29
-124
109
-48
11
-66
-1
30
76
-5
-12
38
136
10
-72
-134
-17
20
-18
-21
18
3
-48
-34
-4
1
26
-23
-12
-19
-52
47
-39
-5
-34
-40
71
-84
12
47
-55
-4
11
100
14
2
126
-201
-24
17
-39
-114
-57
-64
52
44
-51
-3
-67
47
24
-141
6
-57
-69
-9
14
-60
27
-91
-80
-73
43
36
-1
-45
78
-49
130
9
37
-27
18
0
-11
-1
-117
55
-31
-3
12
9
19
-13
115
-48
2
12
118
50
-148
-6
30
137
11
-7
-36
3
-41
70
43
69
43
-72
154
-20
53
-18
-27
56
-22
1
-6
45
-62
-26
44
-29
-2
-30
-16
-3
6
-5
-18
21
1
-3
-17
-19
-6
-10
47
-50
-8
-49
-42
61
92
-41
-6
22
84
-14
-65
-58
135
-53
-6
-86
-25
-27
10
-99
-23
-81
64
-86
-4
-14
29
80
99
56
-11
16
-37
-18
-106
53
-31
58
46
-41
-98
34
44
-14
16
-32
13
-96
33
19
59
-57
2
-11
22
111
178
0
-36
40
103
-65
189
0
81
-6
93
-28
-58
-28
123
103
5
-3
-64
159
47
-23
110
-6
15
21
34
7
24
-9
55
4
48
-1
-27
-3
58
-20
65
-20
60
67
-93
-65
37
-83
-54
42
36
0
-7
-53
140
-58
148
-43
-5
40
11
89
-35
-36
-1
69
-12
8
-28
11
-44
-8
-136
-159
2
0
81
-81
-39
1
-4
-25
58
-3
-51
115
175
-85
128
-20
46
67
15
44
-6
66
54
-45
23
0
-73
-28
100
-32
25
-39
19
-4
-8
-30
-18
11
19
-30
78
0
-24
36
-27
-32
61
-16
-4
-9
38
-58
102
-94
-45
39
105
-42
-56
90
-62
-32
30
-21
-68
18
94
-10
41
-8
51
-35
115
6
-12
-55
46
-17
213
74
35
23
-39
-7
99
-28
7
-134
-54
30
-35
33
-2
-43
19
-4
-184
-23
-17
-43
33
-64
-42
-9
26
-92
-21
-4
31
-99
-26
7
-16
13
-44
-7
10
-8
29
-150
-19
-106
-14
-49
-74
24
-102
-19
89
-17
-161
-39
99
21
-11
37
51
4
45
-63
44
-71
-187
-85
27
-17
-38
88
56
-71
-62
-46
-18
-26
-126
30
-4
-23
-62
13
-86
-5
41
-21
17
-30
-49
-43
-84
-16
-10
58
10
16
-35
-6
-195
-119
-95
-35
7
27
-45
-100
69
-8
29
26
-25
24
-68
-3
-169
-119
62
-4
63
10
-37
-63
99
-32
64
41
-94
81
-50
12
-34
46
77
-68
55
66
67
148
52
18
-42
29
0
-32
89
21
-13
15
-26
16
5
17
-13
-49
23
-8
-9
-14
-7
14
6
-11
43
-17
7
51
60
109
-35
210
-2
-27
14
-31
-6
-201
-44
33
-9
7
-29
72
-12
-2
-38
-2
-29
-5
-14
-36
-12
-6
46
15
32
67
47
5
-37
-22
91
32
16
-6
-15
21
32
-18
9
0
122
15
18
-1
31
-27
-61
101
-103
12
-21
22
7
-51
12
-46
26
-35
-55
-28
38
21
-2
41
21
0
25
-29
3
44
4
-11
-114
42
54
-38
5
71
-55
-183
-3
110
-101
63
53
43
-104
106
-9
-79
30
24
-7
-28
-41
-174
3
4
30
47
15
22
-21
84
-21
19
7
3
-43
-37
48
-54
-27
-33
-33
-64
34
-16
28
-8
-134
-106
-47
20
-31
-34
-86
-211
-6
0
94
90
-136
-36
103
-11
-34
-16
0
50
-33
-4
101
-77
-119
-8
-64
28
-18
70
-41
-43
-107
-38
113
25
37
44
-75
-166
-23
22
-7
7
-42
-154
-98
57
-74
-75
-17
3
84
-98
-71
-76
6
-97
-3
19
-14
-51
-13
13
-103
-51
53
8
77
56
-42
-226
106
50
-22
-57
-162
64
-62
0
-41
-38
22
-38
-24
-32
-69
-82
-41
26
-105
2
176
-59
-119
85
-107
-77
216
18
-60
-27
-21
-76
10
15
35
12
-27
72
31
32
-27
-54
-132
-36
96
12
-57
15
-19
-5
-20
21
65
-144
-176
72
-58
51
74
144
21
-18
39
-112
8
-30
-1
-70
25
-12
21
-20
30
-86
36
0
3
-73
-11
-39
-166
8
7
16
-3
18
-114
-75
-126
-80
80
-40
7
29
-55
23
-53
25
-39
-47
70
28
-69
-68
-109
-50
11
-40
6
2
-6
-25
-108
-11
3
-25
-36
39
29
-6
-2
-45
-73
-29
-29
-17
-71
150
43
-31
-41
-29
26
-62
11
47
-16
24
32
36
-47
6
33
18
62
7
-28
5
51
-24
-6
-24
-8
-38
-99
60
147
-55
-12
22
-168
1
-18
110
17
-59
134
108
2
0
50
41
46
38
-8
-11
33
-2
-9
-15
-15
-24
-24
1
7
8
-26
118
1
-49
-9
-3
19
-11
-64
-5
-67
-105
-1
32
7
2
171
38
-15
-13
-46
34
23
29
-66
87
98
-38
95
85
-11
12
23
40
-33
3
-6
0
-3
-4
-29
24
3
1
-2
-9
18
38
17
42
-94
30
-126
14
-71
38
135
2
-146
-123
-78
50
-196
-91
35
-30
-11
-56
-50
-64
-38
45
-77
105
-56
43
90
31
50
-11
102
53
36
-40
5
-61
-34
21
20
24
71
-10
-1
79
-118
-22
-89
34
-19
26
-63
-160
-134
41
-12
257
-13
1
149
113
-64
17
-88
39
-66
85
-54
16
54
2
-39
80
-58
39
94
72
-5
-48
49
18
112
-64
-59
-99
-44
-22
-48
149
123
-4
45
93
-91
0
27
-35
95
-77
-9
-15
-55
-55
-6
36
-63
-39
82
-35
-121
-49
-18
19
74
-55
-48
5
-42
25
-47
138
-78
75
54
35
-35
-66
66
-24
-26
-103
-49
-83
99
-49
57
39
-107
-87
-59
-30
-222
-8
16
-1
-28
3
10
-10
16
-119
18
92
135
42
-37
-68
31
-31
-128
28
-20
-98
-66
85
42
26
47
-38
-26
9
-141
5
31
-1
-112
3
-89
-57
-18
98
2
-27
-23
-43
-32
64
-72
-104
28
30
-9
-48
72
0
32
-107
-141
3
-6
73
-37
-50
-138
0
-103
-97
90
-35
-4
-9
-24
28
-4
1
62
-60
4
-10
-75
-58
-81
-38
14
-52
92
6
-34
-86
-121
-38
-49
34
-65
97
163
-57
-10
69
144
34
-65
-65
56
24
137
-8
-43
46
22
-82
18
126
42
-2
43
55
-17
-24
97
-49
23
-8
-66
7
16
12
-17
-32
34
20
-99
-10
-52
14
-28
199
22
16
-108
-87
50
21
-80
56
-14
-5
-35
-40
-7
-2
18
-12
-76
-3
36
-21
-29
32
27
81
5
-20
43
12
0
-4
-24
-2
-50
0
-2
31
21
-18
3
-17
29
50
166
-7
-45
-40
74
47
86
15
-39
-128
47
31
-113
-49
-17
13
23
7
-48
-1
-36
-42
-3
-11
-7
23
-29
-5
0
15
-98
40
65
40
-8
36
-101
-119
16
32
55
146
48
19
54
122
-76
-33
111
22
6
74
19
-43
29
-28
46
142
9
-13
26
3
38
-63
-1
71
-66
30
-62
-187
-148
-57
94
89
-41
-84
69
50
-36
-71
43
37
50
-72
2
47
-21
30
-69
107
-18
-20
28
-49
-4
17
116
-4
-83
72
39
-47
-26
-53
20
34
-15
32
-93
-11
-36
-48
-39
-9
124
-94
-60
-48
-46
-8
-76
-53
-105
105
189
54
-25
-2
-33
21
81
25
-49
-205
-143
-84
26
155
-29
-38
132
43
-167
-59
-146
7
8
-61
-53
-32
122
-20
7
-33
57
-28
-3
15
-2
-77
-101
31
-34
-97
6
-39
-21
10
53
32
-132
-40
-46
75
-5
-22
27
-29
87
-170
-44
-77
30
4
-12
-123
31
-7
-98
64
0
-48
-131
39
31
52
16
10
42
20
-31
31
140
-2
12
6
6
-1
-22
8
86
53
-46
-49
-87
-42
-76
13
35
-41
-78
43
-2
-110
12
30
46
-27
-53
84
11
19
14
34
-34
39
-80
5
-106
-20
71
2
2
24
-42
-30
-86
-32
103
18
-33
-42
114
-15
3
-2
56
-23
-92
19
65
-135
50
-8
36
135
7
40
91
66
-26
-38
-55
28
73
2
-49
-46
5
-1
15
-43
-62
-7
-58
10
-19
68
111
-93
-93
151
-4
-145
26
11
-5
218
18
-34
183
38
-16
-29
-11
-4
66
45
48
7
-13
5
36
23
-24
-9
-24
35
-14
-4
47
-30
10
-32
1
-10
0
17
0
62
28
-86
48
72
51
64
-10
6
5
24
77
52
115
8
-39
58
148
-57
141
8
-5
-16
10
-28
-17
-47
8
8
57
8
-8
13
14
-39
38
15
-92
-14
86
-9
-107
7
-64
-59
7
-49
47
88
-45
22
24
23
-137
-31
-77
71
47
-59
-45
-38
-58
-19
-62
77
51
-221
83
83
-68
1
111
-65
116
75
2
5
-20
-2
33
42
-9
8
278
-16
-40
10
-72
-29
223
79
-62
-177
-125
-1
-28
268
221
42
157
51
-9
-50
-23
-7
11
-65
-77
-38
35
1
-16
92
40
-86
28
-22
-110
48
-43
25
11
-16
39
67
-142
-50
-33
98
-15
-82
70
67
-63
5
71
-131
218
-143
-50
-184
-159
54
-101
196
9
-135
117
42
-54
-38
21
34
110
-76
-47
-158
-2
-12
151
140
53
-38
258
14
7
-1
-27
-24
-33
111
-17
56
41
-68
41
-90
-68
-23
-4
8
9
-29
121
51
11
-48
30
-47
-17
26
116
-38
-109
-2
-144
-3
36
-2
-8
-14
83
140
-9
147
32
2
6
-190
-103
53
-158
-43
304
-24
-80
50
71
155
-19
-79
27
-11
6
-90
100
-13
-6
114
32
-60
112
12
56
45
38
-69
-51
-26
53
-5
-72
33
-139
-96
47
-51
37
-29
74
-23
12
81
-43
25
83
-63
-109
-8
-98
-52
-4
-21
159
-5
84
43
1
-29
-101
-14
37
-31
-183
32
5
-61
145
159
34
104
158
28
-14
248
69
22
33
-167
75
-9
14
54
7
10
11
64
-74
-10
-115
97
19
-29
-78
88
84
-70
24
-75
9
32
-40
21
91
57
-8
251
-2
-43
89
-125
-149
-42
-9
-146
146
-19
-28
18
3
18
-79
-40
210
27
-8
-121
58
-90
39
-20
118
19
106
266
37
22
33
39
-109
-51
-105
-140
-5
15
-106
4
-75
24
-10
45
3
-98
-54
113
22
-30
-10
-5
-162
-69
-121
25
86
42
-75
42
-79
7
39
130
176
5
-68
-42
-7
-100
-19
50
-37
28
92
-13
-67
15
-14
-222
-81
2
167
71
-62
-34
28
-32
-78
-26
163
19
60
90
25
-5
-44
-7
24
57
-164
-27
-128
-44
-159
-3
13
-31
73
3
-19
-99
-137
30
90
46
-75
-20
-16
69
-152
7
14
-28
8
-8
6
85
-87
0
-49
108
107
13
18
-64
-27
-63
121
18
33
-23
57
-119
-11
-27
14
-25
-30
81
-27
-20
14
-20
30
-57
47
-32
-4
7
-66
-22
38
-20
-51
-11
-12
-17
-26
37
111
-8
67
-8
15
-118
-118
35
44
19
-147
78
-4
-51
-5
11
24
-65
5
28
-7
-76
-10
-30
80
-71
-6
-45
-25
-15
56
1
-61
61
73
9
27
-147
-3
8
44
-37
-48
114
-142
-10
2
-16
25
-12
70
24
-13
95
-4
61
116
-196
-73
60
-75
47
29
53
95
29
63
28
2
7
-10
20
13
-142
8
100
-76
100
127
-15
5
103
-16
-3
26
-106
-45
35
141
-29
68
62
-19
-37
79
-67
-57
0
36
-31
6
66
-15
28
120
-80
1
41
-105
-49
7
28
70
18
65
10
19
-65
-94
14
62
-44
-9
82
-138
-63
-98
2
53
-14
-169
28
-9
-130
-138
-18
-33
-88
11
-49
-79
40
4
80
49
18
12
-55
-12
37
26
25
-103
63
-73
-76
-20
-70
-265
-43
4
-13
-10
90
-47
-41
-249
74
58
169
7
-33
41
46
19
-56
70
3
-70
-36
-51
-69
-13
16
-31
107
48
32
-9
-53
-8
94
125
134
12
-108
-37
-42
60
4
-83
80
-26
-134
-107
56
-97
-79
-79
-71
0
57
-119
118
-150
-37
-34
208
112
-198
35
-75
49
112
-8
77
8
-52
0
70
-73
-30
-114
101
66
29
64
-128
-52
26
117
-56
-31
31
-13
-146
-97
9
71
50
-22
2
8
5
-14
4
42
28
-3
1
43
-131
18
-31
88
8
-91
73
-176
19
-184
3
-33
-67
74
80
-38
-189
-181
-43
-56
97
-2
33
35
63
-155
-5
67
28
86
87
19
-14
-236
-48
-32
74
90
-85
38
-137
71
30
6
28
54
32
41
-147
-61
9
19
-13
71
52
-122
29
-39
-6
21
-62
60
3
20
-64
-57
-40
-20
-16
-47
-21
-20
-21
18
45
-9
12
88
65
19
-86
-107
10
42
56
-38
54
24
-33
19
31
-21
-30
-51
31
-7
13
10
-74
43
-56
-5
-6
-43
-15
8
15
68
59
11
109
43
-53
-54
14
34
11
93
14
70
-30
43
-22
28
-29
28
51
-24
137
-10
17
33
-243
35
45
-189
-16
39
-34
-113
48
-68
3
7
-20
-53
6
97
-153
119
-20
-238
-114
104
-36
-63
-63
34
-5
-14
17
-104
10
-5
-50
21
-25
-212
-11
-2
29
24
9
62
-29
-2
-68
-91
25
18
-31
48
30
-204
-26
85
31
-46
32
-89
-42
25
88
-55
-82
30
-169
-81
-132
137
82
14
5
-69
93
-105
-16
11
79
88
70
-169
-59
67
-19
-55
16
-2
8
-55
-74
210
-45
-6
221
-117
-5
13
-30
2
17
-145
33
59
-3
10
39
59
-99
-29
108
-105
-8
96
-54
64
-138
-99
73
38
74
-68
82
-88
34
-45
-13
24
-33
-32
101
-46
31
-16
75
-79
95
78
52
29
42
-10
64
19
11
44
-95
24
1
-245
28
134
34
-56
41
-22
37
-44
61
53
-16
38
-77
38
36
-57
-17
-2
93
107
-50
1
-15
5
-111
-122
18
2
32
61
11
-20
73
90
31
39
59
31
52
55
-99
-150
55
-29
-12
142
27
-36
51
-147
-27
-12
12
-22
19
-28
-13
-122
6
151
52
19
26
-24
17
-181
1
-7
-17
13
-93
-46
-95
-50
-79
-112
2
148
-20
-55
-56
100
39
1
79
46
41
40
-13
-122
-57
-30
-10
101
55
-183
39
10
6
-92
-35
73
-31
17
-2
-7
-5
33
19
-28
-10
-36
2
40
69
5
26
68
22
9
-94
-70
2
-42
-18
35
97
-48
12
51
50
-196
-40
-30
48
-18
6
32
34
37
-34
22
26
-12
29
152
-2
-254
88
3
80
23
-11
14
-28
119
-12
19
40
-5
27
66
-1
-136
-20
13
144
-19
154
36
52
63
-238
-11
61
-117
-1
71
-10
89
33
68
46
-33
48
27
-1
58
-63
41
51
-217
20
133
80
-70
114
11
-1
35
-128
-65
-5
107
-89
96
-3
-55
73
192
-37
-234
-9
55
-4
3
16
-30
37
105
-68
-6
-3
-160
-45
102
40
-217
33
120
98
16
-82
-63
25
-15
-21
63
98
-40
22
-21
25
-55
97
-94
33
59
-159
-103
-21
-41
-22
-166
-60
31
-34
-37
6
-33
106
-106
-27
-42
-46
-6
-10
10
82
-4
-26
-30
-66
-191
-35
-54
51
42
20
-62
87
-235
-4
-48
29
8
21
129
-51
76
-63
114
4
36
-11
-17
-6
-8
-28
60
-12
-106
28
-30
10
14
20
16
96
-7
-15
-64
-29
131
-27
-118
-18
0
-124
-50
42
-143
-22
-17
-19
24
11
8
12
-46
2
-115
2
-62
-183
59
-30
-3
-81
2
34
1
-77
90
-51
-1
-31
-71
66
100
-66
-23
-174
20
93
-163
-25
-31
100
-22
-144
-69
7
76
44
-3
-16
41
43
101
23
-286
19
3
42
30
-5
-67
34
-29
-24
24
-13
63
117
-137
-23
-75
38
91
-13
-33
-204
-98
35
31
46
-49
125
115
26
-44
-27
2
42
127
-52
-59
98
-12
-92
-47
122
-43
-50
42
23
136
69
-93
121
-47
69
74
18
-1
46
115
-20
-16
69
-63
37
-11
15
-52
-74
137
10
21
-66
-106
-27
-79
75
-126
-49
-34
20
78
35
-320
17
80
32
35
-192
-81
-32
-16
26
1
64
46
36
170
112
44
153
66
-31
-48
165
20
-20
-59
-19
72
-276
133
98
73
4
0
171
67
-11
41
-77
-101
-48
-43
-8
38
-60
-59
12
52
26
20
125
-103
-29
137
114
-2
-12
-99
-32
24
-130
119
49
19
5
-15
35
-70
-29
69
2
30
3
-22
49
7
25
25
51
-2
81
-34
25
-33
93
-105
43
-17
9
-6
-89
56
-114
-72
-33
86
72
-7
53
-12
-58
-29
76
-102
-26
-84
80
-189
-62
1
83
42
4
16
2
-36
-22
178
57
40
0
-30
30
20
-91
111
35
28
49
-54
138
-169
43
-75
-82
-58
-18
-129
-45
82
-99
85
103
-76
-46
8
85
-27
28
99
24
-40
1
3
-83
-109
19
35
-101
-18
94
55
63
-25
22
-3
54
55
2
-74
94
23
-59
91
4
34
-28
30
176
-32
-6
-38
-7
24
15
-78
51
-34
34
33
-44
68
57
93
73
-224
-122
34
24
-74
-38
-90
40
-93
-58
-28
-30
43
43
38
177
-19
-85
-11
3
-85
-17
-91
59
-21
19
86
-27
-62
47
-59
52
-152
44
54
-99
123
4
-90
-23
-20
-62
-33
-1
-21
-47
-19
-44
-79
-7
-28
17
118
21
11
69
-16
-27
13
7
42
-46
-39
35
-71
-61
-33
95
21
-30
-104
127
-14
-18
-13
-9
-11
16
9
-26
-32
-12
19
-30
30
9
-23
67
37
-2
47
0
9
-2
-1
100
-49
13
-30
39
-52
-16
-52
-4
20
-72
9
-58
67
63
-39
78
-58
-73
31
-63
-23
8
-30
-15
-18
32
49
-2
2
72
49
91
32
-32
113
28
62
1
-56
-20
63
-59
18
-20
-39
126
-47
49
-30
7
-12
-81
13
24
-115
50
-44
-87
-22
43
61
-20
-71
-67
-81
-107
-5
-3
-105
-17
-20
16
-31
-86
15
-16
6
61
2
-7
-69
-9
5
-39
78
-8
-81
76
101
-79
54
-76
56
51
-10
128
31
12
-9
-51
-54
-19
-54
32
-24
-97
-20
-101
-94
-16
22
3
18
2
106
3
-71
-22
4
38
-20
-38
29
-71
-11
-54
-13
91
-57
61
-51
-22
0
43
-17
-55
25
-65
-90
106
-24
-44
-61
42
-92
12
47
-37
142
-7
-92
113
104
-73
-43
28
44
108
-34
29
8
-58
149
18
1
-9
-80
38
-101
-50
75
-17
136
72
-77
72
-70
-49
96
-43
121
-7
-168
-10
91
-75
-16
-31
17
7
-12
41
-5
38
6
15
23
0
-13
15
-47
2
-30
-26
-70
25
35
2
45
34
21
6
119
-11
-53
61
-80
-160
-37
-102
39
12
-67
-34
-44
-73
90
-15
15
-12
-55
167
83
-19
101
-170
20
-10
65
15
26
-61
49
19
68
-3
-37
89
63
-87
66
37
31
45
65
85
-85
51
-7
-58
47
-12
-84
8
34
-71
162
89
-20
72
66
98
-22
12
103
47
56
-29
-90
62
-3
26
15
-63
-21
11
-116
38
-58
-12
87
-27
98
5
-77
55
120
12
88
61
7
24
-4
42
-28
-10
-38
-8
4
0
-6
6
5
-25
2
19
-14
-35
15
118
-90
-44
83
-19
127
3
-129
109
23
-20
34
-63
-14
-23
-16
84
-113
-65
-22
29
0
15
-189
25
-77
-160
-6
-40
28
41
-6
71
-62
-60
33
-17
-31
-2
-133
-26
89
3
108
-33
41
47
-105
-23
-228
56
21
-90
86
20
-107
38
67
29
158
-15
119
27
46
77
-26
-43
74
-32
77
-13
-52
100
83
-43
-2
-94
-2
22
-51
124
14
-114
37
102
119
-24
-75
41
92
39
-19
-58
83
66
54
-17
-34
-71
21
73
61
-26
-130
117
-35
-161
6
-32
86
61
-85
175
1
65
6
29
51
-11
-63
30
28
-76
89
-49
14
-4
111
-41
-53
-87
-33
-16
32
0
-48
121
120
-41
155
-41
69
-4
2
6
-143
-144
46
-75
93
15
-84
124
71
-47
174
-131
41
29
-48
1
-21
-77
76
14
-50
5
-18
151
7
-83
-17
-57
-12
27
207
45
5
-102
181
-74
-178
13
2
269
264
-79
185
170
-6
-13
-30
17
-38
-2
-6
-2
-26
-8
-1
13
18
25
21
33
-21
102
135
116
-121
-107
12
50
-23
5
-110
118
120
-3
12
-37
39
103
210
21
8
14
33
-15
-34
-14
-30
42
331
-131
202
14
-36
63
80
19
-87
-16
52
69
63
24
-113
128
-164
-204
256
-50
-15
11
-45
-41
-15
68
-16
40
65
-21
9
-61
-114
11
18
48
-12
-50
103
44
31
45
48
-54
-13
9
68
-60
-41
13
55
-16
-74
-11
-104
10
-8
-4
-28
169
48
-27
91
-271
-84
71
-175
-57
33
2
-92
7
89
-65
13
33
-46
-6
-29
-99
5
-58
-148
137
47
-73
8
-62
49
-30
6
94
-9
24
29
-59
6
74
-165
8
-62
35
47
-13
68
-12
12
-59
-116
-15
19
-5
-4
60
-107
-42
32
104
-67
51
-31
-68
-79
205
-199
4
-62
-113
-96
-61
34
-122
30
88
25
37
-120
25
153
135
86
0
-57
-5
-59
-59
-74
-55
-38
25
-245
11
-32
33
12
217
45
54
116
-181
-112
37
-41
7
28
87
44
-18
67
21
107
100
-147
34
-7
-3
41
74
-9
-56
-21
35
0
17
17
-9
-12
61
108
-26
-47
-214
-110
38
-8
-7
-36
-82
-8
103
50
-34
132
142
-2
14
14
-67
12
-9
-55
-95
-38
24
99
-45
-70
-4
-12
-223
21
46
124
25
-12
22
43
39
-87
-29
102
51
-15
16
41
-163
16
67
83
36
-50
14
-200
-13
-151
-39
-50
-4
-3
-20
-28
-124
-46
31
127
40
-19
49
-8
97
-57
-34
-58
-17
101
-98
-75
-39
-134
-38
-7
29
113
-109
-93
-64
-80
-1
120
16
13
-120
37
-46
-28
113
77
78
-135
92
-49
-14
-62
-18
-32
-70
133
-92
0
-53
-61
8
-99
25
-33
-11
-72
42
-17
1
86
20
82
-59
19
-83
-39
-8
73
50
-158
72
-86
18
-33
46
-83
17
-64
0
-29
13
72
9
188
-6
-99
-15
22
18
113
-7
-61
60
90
-18
37
49
-21
62
2
9
-50
65
87
133
7
-9
-129
30
-6
101
-25
127
57
36
127
-166
-13
92
-47
10
2
21
109
33
47
-34
-30
18
109
-18
17
-72
-135
137
-52
-29
208
-30
-15
-42
21
-36
17
-64
-74
19
24
-110
-12
15
-126
6
67
-18
-76
55
63
22
18
-139
-62
-13
121
47
-31
25
25
2
-159
-32
-70
27
79
135
-6
-101
-156
5
-74
87
-121
-77
187
4
78
139
-44
35
-85
82
-3
-44
45
0
-35
37
74
-119
44
50
-337
10
-48
44
-1
-61
-31
-56
-334
73
128
127
87
69
157
1
20
40
29
-27
-32
93
-4
-37
-100
0
-3
40
94
56
-32
3
-161
55
29
24
-35
-36
-56
-67
-5
25
-113
159
-139
62
-47
-70
69
10
-35
61
-49
13
21
-8
-67
-18
-88
82
-71
12
-59
-5
-54
57
-4
-25
-28
-19
-6
-171
-49
90
173
107
12
-6
-30
3
34
15
-92
57
25
58
35
-50
-10
13
109
84
-143
35
195
35
-223
15
-58
-47
47
-49
-6
-98
-174
-67
42
61
95
13
5
56
-33
-90
57
-1
23
-130
19
-111
41
22
6
65
-30
27
-7
-65
44
77
10
15
42
-31
68
-64
-39
21
-99
-23
66
86
-54
129
-51
15
60
-36
24
-99
18
-122
1
-28
44
-66
-37
64
33
-3
-32
46
-30
13
102
-13
15
-138
-32
13
-26
57
-32
100
-57
28
45
22
-216
-28
-85
66
-11
57
51
-57
109
-13
-1
-22
-30
35
121
-57
14
70
-24
83
28
-78
-22
-15
123
61
-41
41
-42
-27
-17
-22
-20
33
-13
-48
-20
189
38
-19
213
-207
-18
53
-91
-46
24
-10
41
-16
-59
-25
-7
-55
-115
-52
42
-105
168
52
-63
-3
88
-86
76
-68
24
-51
1
15
-25
2
54
-62
-83
1
-180
-10
30
-6
-4
38
82
54
4
-183
-70
-6
85
92
-8
20
-134
14
142
91
6
10
3
-85
-5
-66
-5
24
-28
16
88
-74
-96
111
-41
-25
-35
112
39
158
54
-30
25
-43
-15
-68
85
-76
-42
51
-37
-17
-72
16
-46
-29
-4
169
52
8
-15
-60
-67
173
-31
110
-34
104
-29
80
56
-47
28
-42
13
1
-11
-115
75
6
-48
-20
98
0
-61
51
-73
-6
-21
91
128
14
61
-165
-25
-79
-75
69
21
87
-40
44
44
-36
130
28
23
7
-26
-13
11
-3
-21
-8
-50
53
136
-1
-78
-8
-11
-24
-82
2
141
106
6
-15
25
49
-18
-10
123
44
14
-24
24
30
-81
1
23
-13
128
-19
130
15
-226
-16
54
19
-1
-12
-34
-70
-67
53
178
75
45
39
-36
43
7
-36
113
48
-115
-88
5
-78
23
-9
49
-57
-59
72
20
-1
-52
-11
49
-85
42
-78
24
-63
40
-8
-56
-97
-53
-20
-95
40
0
42
78
-6
106
24
2
-152
-92
-1
33
97
4
35
-139
7
12
47
-257
-18
-27
0
-11
14
39
-7
108
30
-7
11
-20
15
0
62
-109
34
48
-61
38
-122
-50
15
9
36
61
114
-105
57
88
-31
-133
-19
14
-47
-7
57
61
30
76
-192
-55
51
-92
22
63
-15
19
24
-46
197
19
79
-17
-82
50
-60
-112
-82
-8
-64
154
-55
-47
-46
48
-122
15
-103
-27
24
89
-53
-15
3
-81
-40
82
9
-131
23
70
-1
2
-97
-84
-1
72
17
53
48
-72
19
-98
60
64
120
16
-9
33
36
-48
112
-19
57
-31
-137
48
-3
-63
-28
-61
206
28
60
26
51
-94
-14
-34
-18
28
-36
54
156
15
70
14
48
239
120
-4
-19
-139
47
-24
234
31
50
167
157
2
64
-44
48
36
-114
91
-16
-62
17
-31
-9
-61
-25
64
-106
-32
24
114
28
38
-19
21
113
-9
14
-79
59
159
-68
210
58
-25
-10
66
174
61
-17
-67
-24
-49
-37
-48
4
116
-77
85
1
-31
54
-93
-4
-43
-6
-19
-128
-53
73
167
128
18
4
40
22
52
24
-415
19
-45
-22
20
35
-52
42
55
39
2
15
86
36
-269
16
45
-27
56
53
-32
-121
-77
-64
-65
66
67
26
22
110
56
-107
176
104
-33
-8
-53
132
-34
-9
-60
27
-53
21
-14
-61
22
49
-193
44
57
-96
53
56
-106
81
-57
8
113
-12
51
92
-2
7
-55
-68
154
-55
16
-35
12
-100
-111
8
38
-16
-6
78
46
68
-326
11
106
4
31
-65
-107
-7
17
93
-29
27
70
35
30
-63
240
-74
-52
106
-38
153
11
-47
66
-72
-110
-56
-180
62
-25
-27
71
-34
-23
103
0
16
-8
-112
-18
-113
-20
-39
-44
27
34
-84
210
-71
-3
151
-40
186
-22
-49
131
-265
-48
14
-216
19
71
-24
-5
-5
79
4
-27
249
-21
-19
19
-120
46
-26
-85
104
88
-48
-11
-97
7
30
-49
38
17
-40
24
-108
-36
3
-72
6
-13
-5
-8
-53
26
100
-36
66
-27
-80
46
-59
-112
-25
-15
5
226
-18
104
7
-78
42
-1
209
-22
-17
-52
34
113
-246
-3
100
146
54
49
-4
35
58
127
181
102
-31
-61
-29
108
-127
-37
-20
261
-24
161
-66
-15
109
-9
286
-183
22
157
-281
99
-100
-134
35
102
6
58
-83
38
85
-11
108
90
-33
-51
-92
21
-50
-43
59
103
29
97
8
-53
-4
-2
179
141
13
93
-166
-92
-198
-37
139
112
108
107
122
12
-85
25
272
-77
11
-85
-51
143
-85
28
169
-53
15
-80
-123
-64
13
-73
-8
-41
-8
57
43
-11
-27
-23
52
68
22
-44
-63
-32
129
19
13
-78
-38
-20
-66
-99
-48
-67
78
-165
-40
12
-81
-78
17
-67
-83
10
-39
131
67
-104
-22
-60
4
-47
-16
30
-50
61
67
-35
-62
10
49
-97
23
-18
-144
58
-19
34
-58
-75
-92
-41
-14
-54
9
72
-83
148
-6
-15
-36
-23
-10
-11
-5
-23
-73
5
82
-28
47
-30
-40
63
-7
-121
3
-9
-1
-36
12
-46
-128
-28
125
-72
1
-17
-82
37
52
-5
-41
-27
23
-38
3
56
-59
-22
70
23
42
-58
-33
-24
-76
-25
-26
-48
17
-18
-17
-68
-61
78
16
-102
18
16
-33
172
-179
-28
0
-54
-5
88
14
56
-92
22
38
-58
74
-200
-98
-102
-162
69
-126
-3
63
139
-51
-12
-118
-5
53
-45
37
0
-78
-13
-98
-6
0
-108
49
15
15
-6
-51
34
74
-34
78
-33
-43
-29
-81
-74
43
-42
31
-86
-12
252
54
38
67
-41
-42
-52
-9
-43
33
-9
-280
11
16
17
49
32
111
-138
-11
51
82
-111
21
-72
16
95
-7
-19
-81
-267
-21
57
-90
61
-3
-85
-8
-147
111
12
68
-25
-43
99
24
-70
-93
65
-23
-118
9
-79
94
66
-3
-53
171
167
-34
-5
-26
1
-62
-32
44
-34
-58
-66
33
63
-30
-25
91
-174
-59
160
-63
84
24
6
100
13
-71
98
41
-28
1
-10
-12
-12
-82
1
-52
-57
2
55
-128
-41
12
-72
-63
-26
-30
95
12
-70
-45
-1
18
12
24
-110
-51
-44
59
8
49
-87
-31
1
-61
1
-25
-62
77
-216
-24
-18
-102
-36
8
-74
-119
27
-70
87
159
-20
34
11
2
32
-45
25
-46
-64
-104
-69
-18
27
29
-9
66
-87
-98
35
-42
14
-33
-58
-116
-3
-21
-44
16
63
-92
88
9
-14
25
-20
4
3
13
-37
-78
29
43
-23
10
-27
-5
56
-1
-60
30
-52
20
-58
6
62
-60
1
68
-2
-102
-8
-23
78
-6
-16
-70
-87
-16
2
1
162
-111
58
94
-86
4
-15
14
-2
-174
-13
2
-215
12
-44
58
-70
-32
-84
-29
-9
8
-56
20
61
-67
-86
-59
-123
34
54
-46
-82
-112
13
61
-55
-15
36
26
27
-99
19
1
-60
0
11
8
-19
-75
78
100
-43
2
22
-19
7
-27
-69
17
1
31
84
-16
-81
-52
-1
-77
7
181
-196
5
111
-25
142
-274
5
75
100
33
80
48
-49
-64
-33
69
68
-17
-48
14
68
-143
-28
-54
164
-19
126
-146
68
-18
-68
92
-193
40
9
-67
-118
-48
-103
75
-146
-10
93
-49
-26
-62
30
15
4
31
-41
-48
129
-131
36
22
14
19
60
-42
-137
-64
-36
-29
-74
1
-20
-103
-34
-152
-157
-13
-42
1
-109
26
-134
22
-71
176
93
14
20
-52
59
56
-76
-66
-55
21
79
-103
-50
-19
-69
-118
-41
-2
168
59
-11
-55
7
6
-15
25
86
-76
-8
53
9
-15
-78
4
-1
-34
-45
-37
19
56
-143
-39
-53
-83
-5
37
-68
-100
5
11
79
119
-92
8
-5
40
-86
9
-24
-58
-73
64
-62
-20
64
-34
7
-45
31
-61
18
-68
-24
-51
-42
-107
-18
-47
-59
28
70
3
124
35
-12
-18
-8
-5
-61
33
-8
-68
26
21
-40
12
-10
-21
121
28
-63
-1
-51
-28
-68
13
-157
-138
-32
47
-81
-76
-16
-70
88
-66
-4
-75
-4
-17
-63
2
-145
-68
-13
75
-10
-50
-31
-42
19
-36
34
-15
-30
-13
-8
-18
-146
-95
42
38
-97
-13
-39
35
70
-156
-60
-6
-102
21
3
83
-152
-76
-46
95
-22
52
-34
-45
85
-166
-18
2
45
16
95
-60
-220
-121
16
47
-52
7
45
-23
57
-32
8
-46
-87
43
-6
23
-215
-75
52
102
-28
-11
-31
-24
24
-12
-3
28
41
-13
-83
-9
38
-29
-93
-61
-34
-78
-84
62
-70
27
-14
-198
-67
-37
-14
-2
-56
106
82
105
11
-4
-160
-29
-17
-68
167
-54
21
-165
-229
-6
129
-71
24
-73
-76
-82
-36
42
46
46
-77
47
173
-54
71
-20
68
92
59
-8
-22
5
94
-6
-41
76
-77
-13
-175
63
-49
-10
176
8
40
-107
-29
51
-39
-41
47
31
-206
-191
130
-62
-113
63
-28
30
6
-52
123
60
92
72
-11
45
102
-84
-51
30
-40
11
-162
-112
-59
-76
-86
-77
-53
-13
140
61
-43
-48
18
43
-63
6
-235
-45
-3
28
-6
-8
-31
-2
12
-16
-38
-38
-3
48
-248
-24
-61
-112
-52
-17
-80
-134
5
-48
37
99
-102
58
38
23
-128
1
-115
-12
68
-193
-86
-137
35
-3
47
106
-25
-114
-29
-50
5
-14
-30
-123
19
-58
-48
24
28
-63
74
34
-67
17
-8
6
-13
37
-231
-44
38
-8
-23
-46
-9
6
122
20
-61
62
40
10
209
-4
21
80
-10
-4
-29
143
9
37
9
58
168
-55
153
0
116
13
189
-64
108
-115
79
194
55
1
-13
-211
197
-159
-79
98
64
-32
47
-41
-9
-13
27
176
165
-12
-38
-40
56
-61
30
-7
255
-32
-121
-23
-14
-40
-32
223
163
-85
-58
-111
-9
37
64
31
159
12
-7
35
5
12
3
64
-111
-43
27
-27
-77
-31
-52
-98
31
12
61
4
9
-18
37
157
58
0
-79
-2
39
-59
0
-23
216
-66
170
-14
55
-5
151
462
-113
-6
26
-91
192
-26
256
106
2
66
11
23
-10
17
20
92
54
0
-58
7
22
-66
-12
-8
19
93
52
10
-51
-47
151
108
43
-8
-130
-44
128
-129
40
13
34
-14
17
7
-6
1
9
8
0
0
6
4
11
9
-38
10
27
141
53
2
-82
-101
-49
30
-76
36
2
9
31
-78
-2
57
112
-25
-185
29
68
56
40
143
-57
-6
-127
11
-93
-48
-66
46
-55
28
115
-41
118
-46
11
66
-35
-20
-72
-94
-21
-125
59
-45
31
17
-46
10
2
-39
5
157
49
16
-71
-11
-65
-177
39
21
268
-7
-70
-57
2
34
-33
106
27
69
49
-70
91
-82
219
-42
162
133
-93
-31
-95
78
29
70
-40
4
14
84
-23
7
82
-8
-103
-42
-20
1
57
-87
35
-60
-35
-43
47
-64
0
-243
190
-147
42
109
35
-19
17
-33
-21
195
12
19
-9
-16
-87
-33
-164
-3
-4
67
11
-54
-31
-51
38
181
22
9
-36
-25
50
-106
-78
34
325
-25
-81
-58
19
-29
-61
81
-34
-22
78
-66
2
-221
-62
65
105
-28
-5
-49
121
-51
-71
268
-129
0
-119
-110
-82
-63
-59
-22
14
41
57
12
-1
-43
74
43
86
1
-106
-3
-89
-65
-7
17
-27
120
80
-42
43
-85
66
144
59
9
-121
-15
-14
-105
204
-102
-7
91
5
23
14
-12
-32
-47
-96
1
-20
74
149
-35
158
-11
-128
73
65
-60
-4
-196
-64
22
9
12
-86
-44
32
22
-82
0
199
-41
47
-29
70
-95
54
13
131
27
-22
-212
-95
-58
14
76
-101
82
116
-93
-232
49
-36
152
13
20
-34
-93
-80
-76
77
176
29
127
2
-47
-62
12
33
-66
164
-3
-64
47
36
-131
41
-86
52
63
-94
-70
-31
-120
-37
122
37
-33
12
6
-14
-170
-92
-49
172
-12
-85
-59
-61
35
-13
28
7
-21
-65
-1
-31
19
-106
15
-6
53
-3
42
8
50
67
-159
15
-7
9
30
14
-53
264
112
33
-74
-36
69
-35
75
-44
118
-24
1
-121
-24
51
-217
43
-89
21
34
-19
68
-16
-4
45
-121
59
-20
-44
76
89
-3
4
-3
-147
-159
-221
30
-63
-15
-73
-2
-87
46
-75
-38
-107
-142
67
-8
-11
-65
49
21
103
18
-95
0
-74
31
18
102
-144
-83
92
85
32
149
-55
76
-40
-29
222
182
139
-8
-104
46
-108
-34
139
-16
8
69
34
28
-28
-43
98
6
80
-3
-93
-16
45
-109
78
-19
-109
27
68
105
82
-66
-111
-188
-113
-73
3
167
62
-142
15
90
-107
17
49
-26
-88
29
73
-147
-62
118
36
75
22
-76
-54
-46
-76
-44
21
105
52
-127
1
-96
18
-6
-49
121
26
-255
92
36
-1
17
50
-85
-82
8
61
161
88
27
-54
-15
195
-41
39
-104
-122
77
-94
28
-57
42
-91
-177
-86
132
-112
-8
38
-123
57
-100
-132
-21
-19
-14
-54
49
-54
-99
-132
66
10
64
27
-174
145
60
-184
77
-102
86
51
-36
27
17
12
-2
-172
23
-214
112
82
-24
118
-44
-142
60
25
32
-56
54
-46
5
-119
-60
19
-191
-22
-16
-5
-46
-45
37
9
18
18
26
-51
5
-39
-54
-27
13
7
-48
-2
-21
-120
27
33
53
-34
-157
-51
25
-77
86
18
-182
66
22
-120
38
-83
78
68
41
-74
56
-75
60
-30
133
-89
-76
22
-9
5
67
31
18
16
-2
131
60
61
1
-93
5
13
-112
186
-19
136
105
122
-56
47
-24
113
69
8
-4
10
55
242
-46
359
3
-20
85
-35
-20
-43
-31
160
-13
14
-3
-111
-15
-30
-138
92
-17
-23
26
108
-4
25
58
-25
-123
39
13
76
16
-232
-84
27
-4
-47
-3
-69
97
59
24
28
32
23
-52
5
-4
25
-1
-14
-65
119
10
-33
63
-20
-115
18
-101
-26
-28
56
190
156
-134
201
21
11
21
-71
-34
-14
-10
-32
-30
74
34
-101
157
23
-42
25
-151
-16
-53
-48
12
-52
-180
4
13
16
13
78
64
35
-148
228
-33
-51
48
-48
51
-18
-72
-115
-73
-51
189
87
123
-29
-88
151
30
-52
40
153
-52
2
69
0
-241
-33
19
88
39
-97
-4
-12
39
-3
-20
62
-96
23
16
-84
66
-11
-129
147
-197
-30
14
-102
-15
66
32
104
-50
-43
-45
-65
-51
-75
26
98
23
-56
-6
54
31
32
-37
49
-83
-2
-2
-50
-70
-43
18
200
99
27
2
-49
-25
2
-4
104
-48
32
43
-39
-166
-60
22
205
99
-54
-24
20
-28
-15
-50
76
-18
-70
1
12
20
-33
38
-4
-15
-37
-109
64
-83
78
-41
131
-42
-78
-13
-62
213
-69
-90
132
-5
3
-23
-130
73
-64
62
52
-78
86
-2
25
1
47
7
-19
6
59
-5
6
-60
-54
71
-27
-4
-113
-63
-30
6
-186
-44
-77
87
-28
-52
-157
-41
-1
69
-35
109
-78
-32
1
64
-89
4
24
-9
24
-75
-97
-13
-51
35
114
-138
-45
29
-82
-267
-94
56
23
138
55
-29
-59
61
-45
11
151
-48
-24
85
8
-118
-114
-20
133
128
-57
-41
-31
41
-226
-21
141
-58
-3
-39
-80
-193
-15
36
213
181
-127
-36
24
37
-121
-8
45
-68
108
-6
-21
-68
133
57
-26
207
40
-10
-31
10
-48
-41
57
-116
41
-43
-42
-76
16
-41
127
138
12
-20
-17
19
-98
-4
160
-69
21
-3
-27
-193
-47
11
113
68
-54
22
-7
-7
-72
1
94
-54
-39
14
0
-177
-102
7
114
121
7
-6
47
8
-24
5
85
-87
33
-43
-78
39
-64
0
156
-129
-54
7
-93
57
38
32
164
-22
-23
-26
-48
-58
-66
64
163
-127
-98
-36
125
-21
37
-39
96
-91
-35
-40
-42
-66
-61
-9
154
29
-2
7
-82
-11
-21
-1
109
-51
12
20
-38
-52
-151
-34
96
109
-21
19
-16
14
-135
-33
-40
54
-92
-13
75
9
-68
11
-60
12
-160
-146
51
-68
-231
2
184
-93
133
-69
-79
-138
-227
-8
-48
199
-1
19
116
151
-46
21
15
-5
46
105
-10
17
-76
-22
0
22
-48
14
13
-119
-75
-76
124
-27
-39
-36
-71
-171
-238
52
67
192
130
-225
40
-163
-75
29
10
35
75
-119
52
-20
-22
-4
-126
-4
-50
-13
-20
-107
-74
27
121
-120
-57
-97
-81
-190
-91
38
146
131
-15
-52
-5
45
-107
23
110
-40
-28
96
-19
-55
-45
34
67
110
-107
9
-25
34
-225
11
88
-127
60
-11
-69
-202
-48
30
-43
174
-78
49
23
119
-100
-11
-41
-45
-131
-81
-83
-54
-105
-31
33
114
-25
-60
13
-75
-123
-7
141
-115
40
-126
-38
-131
2
-40
126
106
-4
-13
5
2
-61
38
78
-35
22
-1
-52
-172
-75
-8
145
141
-40
30
-13
6
-61
47
113
-50
-13
14
2
-154
-81
2
199
136
-14
-78
-9
-6
17
-19
73
-113
25
-28
-85
30
-24
42
76
-178
-55
23
-182
4
-58
81
-136
41
-55
27
-60
-52
-11
-27
109
29
66
57
-114
38
25
-25
33
-88
-25
-54
-49
-100
-19
57
181
29
-8
-3
-68
-6
-83
13
74
-59
7
-17
-48
-157
-51
25
174
60
-25
34
32
-31
152
74
-79
62
-15
132
8
-43
108
9
-25
97
28
-48
24
41
59
31
154
-77
28
10
-48
133
-153
3
124
-173
-56
6
-81
47
47
4
-50
4
11
53
-56
88
75
33
-33
0
16
35
-142
-9
-39
70
30
-87
22
-48
-28
-37
45
7
113
-126
-49
-30
91
-79
14
-19
18
26
-15
36
-63
-182
76
-3
-78
15
53
-13
-31
-97
-64
49
121
-69
-4
-17
7
-192
-61
30
64
126
-88
-21
-20
37
-184
-15
51
-56
-15
-46
-88
-158
-29
-27
257
170
2
-73
14
35
-77
-32
-34
-8
40
-16
-60
-199
34
-24
-6
-69
40
-165
186
9
-119
-23
76
-97
19
-93
-52
-55
21
-13
151
125
19
-7
-18
16
-68
35
20
-58
25
-66
-43
-162
-41
52
171
91
-41
41
30
-8
-60
53
-159
-38
-6
-27
0
-68
-74
-1
92
111
-33
23
38
50
23
13
56
-52
35
-46
-87
0
-9
-36
208
-80
-134
11
-83
13
-33
0
-107
-97
-7
-57
-38
-92
-54
19
-7
-231
110
34
46
26
97
-41
-96
-78
-60
-2
-68
-126
-2
11
223
79
-7
-41
-116
-18
-30
37
-254
-46
54
7
-40
-168
-87
27
121
77
-50
22
33
-19
-47
-16
-20
44
45
7
-43
-15
62
-2
-8
-77
10
-160
-49
115
-57
6
126
-197
-9
-88
-43
-132
-127
16
-85
205
39
16
73
75
-37
-9
48
-23
47
-37
1
41
62
-10
46
70
-22
-39
4
-115
-89
22
75
-60
21
-176
-19
-158
-7
59
-37
92
-2
-126
22
-90
-31
61
54
78
21
-58
37
89
-77
-15
-35
44
-6
-102
2
-198
-124
66
-76
-126
-84
-63
-68
-180
-78
-10
169
-18
17
-7
54
10
-52
23
-66
-73
-59
46
-6
-79
-131
38
57
40
-39
-37
56
51
-237
6
37
-145
-5
-105
-76
-153
-71
-45
6
144
-12
53
48
61
-47
22
22
-24
21
12
-72
-142
22
22
-79
209
-106
-23
13
35
-103
19
48
-100
-5
-176
-50
-70
20
-2
156
110
-46
8
18
-4
-66
53
-199
-43
-2
-38
-27
-147
-56
35
186
105
-38
50
97
-1
-15
-51
47
0
98
57
-2
63
20
-29
-38
-251
-17
35
-149
-1
127
-71
36
-78
86
116
-61
119
-129
-73
163
-516
-22
-15
-240
-40
166
-22
146
-48
98
73
-24
104
36
44
27
-309
45
-48
-203
119
127
-67
-57
-67
32
47
-65
102
54
-73
91
-256
-92
32
-134
-35
33
-60
16
-44
48
127
-45
66
-52
-40
15
-298
-70
60
-177
-40
62
120
177
87
28
119
97
176
69
-23
9
-28
189
-112
120
-70
-30
-2
154
-58
257
80
-16
273
-223
-47
129
-36
95
-71
-183
-34
99
34
28
-4
-45
-70
7
227
105
-2
-22
-67
-2
-2
2
12
-25
120
36
72
-83
-95
-8
209
-10
14
-79
-65
-47
-157
-112
10
43
29
39
92
27
-40
150
246
-117
6
-18
-81
98
-21
57
25
-71
-61
10
-60
23
83
-13
108
-121
16
-63
-270
-39
40
-258
59
-205
-79
-105
-66
-116
5
-72
-6
30
15
145
-148
-22
-11
-112
-43
-51
-122
-100
-27
40
-52
-76
84
-12
-71
-136
47
-199
-77
-135
-18
52
-76
-65
-87
19
-85
-70
69
63
-39
102
-163
-97
89
-115
-51
-3
-28
-68
-34
3
61
-46
62
-43
24
62
-271
-152
93
-133
-40
40
-50
-3
-35
69
123
3
106
-95
-68
-5
-170
29
18
-219
46
15
-3
35
-76
105
5
-85
17
-27
-66
55
-114
-53
53
-274
15
133
60
24
-82
-14
136
-19
161
-49
-20
91
-118
9
-22
-162
-36
167
-113
-48
-103
56
14
-43
66
-15
-12
84
-252
-1
-26
-171
-5
52
-50
15
-32
122
52
-58
84
-33
-7
16
-236
-35
98
-121
-28
19
-21
47
68
51
-16
134
63
127
-13
-28
-42
-63
-78
-83
-37
-57
-41
-28
-15
69
73
-98
0
-67
30
30
11
56
-65
62
-57
-55
4
-13
-45
36
-10
54
7
89
-7
-57
47
-24
9
141
-132
-140
-27
32
28
80
-96
-33
99
248
-13
-35
-58
-80
-93
-38
-3
106
-41
38
93
13
-3
75
21
-1
-24
-42
-76
55
17
-2
17
-24
-41
78
-22
13
-11
2
120
-49
61
56
-281
-103
63
-163
34
-173
-37
-141
-119
-26
20
-67
-62
30
-64
114
-58
-21
28
-42
-46
0
-29
-36
7
83
-40
-58
-34
39
18
7
102
-23
-8
-43
-125
64
-55
-131
-107
36
-40
-43
36
70
-65
52
-209
-5
78
-122
-25
36
-18
-14
-53
13
51
-30
55
-49
51
42
-171
-124
90
-177
-32
59
-10
-66
74
-9
53
-13
31
44
114
310
-215
46
64
-42
-13
-102
52
-30
120
16
-23
-29
62
7
-2
290
-36
129
80
-168
-11
150
-53
-111
-41
49
-93
-65
21
44
7
214
-193
-67
-7
-140
9
-6
-29
-135
28
35
-52
-36
58
-20
44
327
-124
-110
44
-86
-43
-18
110
-19
71
31
0
-11
100
77
5
-9
25
31
-36
69
-18
147
153
106
-75
80
-51
-6
145
-69
-7
204
-266
-12
-5
-176
57
-4
7
46
-27
2
-40
-55
25
-52
-7
39
2
9
67
-10
70
10
64
16
41
-40
125
-13
49
100
3
27
-91
-29
-129
18
144
4
-13
85
-68
-66
11
55
-32
-65
11
-61
-8
76
-115
21
-23
46
-18
-16
4
-7
55
24
89
-85
60
115
-131
-95
78
-116
59
-29
-56
-18
-64
59
-52
-82
-133
-4
13
221
6
-173
-74
-105
15
54
-37
102
13
80
-110
-68
-39
-16
-5
50
-48
-102
-92
111
-20
55
-46
-146
-77
49
-30
-54
19
37
14
114
-156
-49
53
-81
0
12
-3
-170
13
54
-115
-38
-26
5
21
275
-138
-50
62
-41
-61
45
-78
-159
54
57
-11
-17
95
-25
68
198
-103
0
68
-43
44
-50
13
-301
-71
52
-12
-81
-16
0
17
185
-158
-88
-6
-189
-76
42
87
-41
-49
50
88
-9
105
-35
-26
109
-226
-3
31
-95
43
124
-72
-13
-65
81
55
-58
84
52
98
158
-105
-69
1
-151
4
31
0
-190
6
114
-11
-53
56
-6
101
108
-211
-98
116
-119
15
22
12
-37
124
-33
107
90
-54
40
-11
-61
-10
-32
-4
47
-38
-154
-19
-26
-69
46
-16
-61
-64
-207
-21
43
35
13
-103
107
-43
-5
-17
-54
76
14
40
-5
-119
-17
-11
-52
80
-75
2
9
-89
-27
-60
1
18
15
-134
-46
148
75
4
-44
88
10
-84
168
37
-67
30
-44
78
54
-15
135
-41
-56
-1
3
-128
37
-114
-28
-9
55
-61
-82
10
-17
71
-2
117
-45
58
94
-207
-70
62
-61
90
-172
-25
-105
-108
-14
-146
-69
-141
-13
-9
103
-17
27
36
-77
-55
110
-42
101
-71
-15
-59
-29
167
-63
-49
-4
-207
-5
7
-38
-56
-4
-40
-189
-93
-20
-80
-52
16
39
-45
182
-108
-17
63
-30
-37
63
-12
-365
22
-38
-66
-39
17
-42
70
251
-224
-108
111
-19
-55
-18
-49
75
103
-20
89
-3
154
25
100
-6
-336
123
113
84
12
306
-47
32
-70
-7
102
49
326
-134
-8
44
-223
-43
-105
-79
2
86
16
-10
-107
-2
89
-31
259
-102
-84
38
-134
-92
28
-77
32
44
39
-10
-15
96
87
-30
136
-65
-5
7
-179
-99
40
-102
-3
115
54
93
-2
23
-42
94
206
35
2
-59
19
236
-144
30
-99
119
45
53
-37
-23
-101
119
168
229
-14
51
-148
161
-172
-26
-73
48
-14
144
5
37
3
16
194
-18
5
-20
-53
-19
-63
27
13
43
-8
192
-25
13
-125
84
331
-18
5
-11
33
241
-87
225
38
6
22
28
2
-70
-17
130
194
30
4
-16
13
126
-54
97
30
-27
-98
107
-50
4
-55
-20
131
-255
-24
-201
-165
-69
21
-145
118
-189
-33
-30
-59
-201
80
-46
156
-193
12
39
-48
68
-92
-29
61
-82
-68
-85
-26
-77
108
-36
101
57
-12
-110
-32
-152
-209
73
-116
174
-75
-127
-136
-69
119
-34
150
15
-57
-30
-224
-25
-5
-26
110
81
-15
-135
-31
-11
45
-55
136
-91
63
34
-115
-146
84
-139
-30
13
-14
95
-54
-16
121
17
83
-170
12
-12
-246
-93
-6
-162
109
14
74
116
74
-22
-39
1
191
-37
40
-11
-117
-145
-27
-108
-2
-7
-21
3
-137
-129
80
-38
244
-166
71
19
-153
-26
-68
-199
143
-60
-40
105
-32
32
17
-20
178
-101
-55
59
-129
-182
69
-120
105
-32
55
27
44
-3
-5
108
-53
22
0
-54
1
48
-73
13
20
19
72
69
75
141
91
26
190
-79
-26
41
78
-171
-116
136
12
-6
16
-14
11
-53
5
8
59
14
-6
-58
27
-39
-88
48
-3
8
110
124
42
-62
-15
18
9
73
12
-86
62
20
-143
211
76
-40
31
-4
53
10
13
107
-39
-28
0
3
16
7
-12
18
1
145
5
34
-8
1
51
29
194
-229
-19
-33
-247
13
89
-191
145
-87
45
-13
-6
-26
-29
-40
137
-105
17
124
-26
6
81
22
108
17
29
68
-80
-37
-54
32
134
50
1
2
-199
-81
-55
-38
3
-4
-43
-59
-116
-76
44
-15
148
30
-10
85
-126
5
55
46
80
114
53
-78
23
-9
-17
-23
128
-84
43
56
-126
-176
204
-13
65
6
57
219
108
57
36
38
31
172
-19
-99
33
-2
-284
56
39
-181
-53
-48
4
-4
-8
-31
-112
-16
-15
-22
-84
-19
12
63
-84
78
-24
31
45
132
-3
-7
8
29
-13
72
10
169
-67
30
-82
-74
-65
-25
-72
4
-64
-67
-139
-197
40
75
130
-88
-81
45
36
-109
-40
-180
-33
-32
10
-68
-138
-258
134
117
91
-5
-10
135
-58
12
46
9
62
15
-46
142
36
21
-6
-68
62
6
-94
88
28
24
17
-30
-19
-39
6
74
36
78
10
-35
-44
-34
-45
10
28
-7
85
-49
85
-21
-20
36
-40
-100
-2
-76
6
185
-102
68
18
-5
70
32
5
-58
-24
85
110
6
12
-48
-5
-40
-41
129
12
-206
-49
107
8
-1
27
-6
-145
-214
-9
94
64
-22
-17
164
37
-110
-84
-22
6
66
31
-51
-253
-207
-12
36
226
-20
-84
68
-144
8
-68
48
3
-60
26
-107
-165
-23
-13
-56
120
-41
-57
22
1
-135
-51
-125
-56
112
62
-54
-69
-164
47
19
128
-11
-74
89
54
-240
-35
-111
11
37
-90
-75
-54
-175
2
139
171
33
18
49
84
-240
25
1
58
-26
-50
-13
-182
36
155
-39
-47
-33
123
171
93
4
27
25
54
82
-7
-44
-6
-50
-9
-5
189
41
-12
96
9
-11
-62
82
-112
101
71
-30
-172
-224
-51
-65
72
-48
-54
117
26
-242
7
128
18
14
24
-78
-186
-173
53
74
96
-25
52
139
-38
65
8
108
-23
24
-12
150
155
62
0
-53
36
218
-94
91
-15
-8
171
74
16
-37
-3
88
34
-23
-1
78
306
275
-121
156
117
26
45
104
-13
-20
-25
-7
-1
-1
-4
-4
73
72
-23
74
2
15
99
249
7
12
-39
163
27
-69
0
-26
98
203
-156
285
73
-6
25
40
-27
-42
-23
0
6
40
0
-50
78
82
-53
126
19
-249
21
66
107
-11
-86
10
52
-34
-46
97
-45
59
87
239
20
221
13
59
-15
60
-51
-42
-142
-329
-35
94
221
230
-4
216
61
-21
-33
4
-12
15
87
210
-126
-85
6
-4
80
119
-40
193
14
-178
7
161
-67
140
-131
0
-168
-133
-50
252
342
233
-108
167
58
-89
4
-24
17
-29
-84
-14
-39
-112
-82
192
119
1
-32
133
68
-209
-40
18
25
-8
-13
-8
-188
28
6
198
53
-47
19
42
6
10
43
-124
43
31
-17
-10
-130
6
1
14
-106
-34
106
41
85
-146
-103
-73
-65
-43
27
-56
-145
-11
-80
235
22
-73
-32
8
7
-119
-59
75
-61
82
57
-41
-196
-91
-14
109
45
-63
3
18
50
39
29
-6
79
8
30
139
22
64
4
-13
24
-54
-93
-56
-188
12
41
97
-90
-65
15
15
149
-62
23
-58
-52
-61
-44
203
-78
-21
-28
-43
93
-86
15
-32
-77
52
44
-63
60
83
-33
32
-36
68
-42
-67
51
9
85
19
107
-44
16
19
6
24
-54
37
37
-84
-10
32
-5
21
23
-11
-102
-37
36
153
45
13
27
121
66
-159
-129
-73
-49
-81
-62
-64
-205
30
-64
174
56
-176
-35
-74
50
-104
-35
128
56
26
27
-99
-2
4
-11
-23
68
-132
39
49
87
-140
-87
-130
-98
28
-100
-55
-144
-19
20
48
35
-85
18
-36
64
-198
-52
-2
-30
84
37
-68
-207
-62
72
131
65
-51
45
44
6
-159
-27
41
34
42
-32
-26
-156
11
34
196
30
-31
3
113
41
-177
47
-148
-76
105
79
-10
27
-29
8
91
69
-24
-122
5
61
-168
-114
-87
-78
17
-103
-48
-67
-83
-40
155
50
-28
-19
-19
36
-227
-35
94
-22
57
-13
-37
-146
-58
51
196
27
-73
39
27
-8
8
41
-20
81
-35
31
68
-68
32
-25
-20
13
64
-28
11
23
14
-13
-98
15
51
34
-71
47
-27
3
59
-63
-31
-17
8
8
-1
-117
-64
13
-89
-76
33
-41
-184
51
-71
32
-5
-193
185
104
-59
-50
-33
75
79
21
-19
-17
39
-8
15
-152
-58
-53
4
-19
-214
-47
20
-6
17
54
5
-115
21
44
95
-12
-96
60
93
101
-21
-143
-91
-20
-17
-34
-77
-233
-35
18
182
97
-48
22
19
34
-55
-26
-47
13
73
-62
-44
-190
-104
-1
47
67
52
28
174
25
-208
-117
81
-79
-1
-95
-50
-161
-21
-42
141
7
-84
-11
-11
29
-169
-47
-24
-9
-6
-14
-48
-153
-87
72
214
35
-29
25
11
-12
-247
15
69
35
-17
-64
-8
-201
7
22
206
-13
41
61
153
-14
150
-2
40
-30
36
-17
-41
-143
-74
-20
80
8
-95
29
117
38
-167
-82
-86
-116
16
50
-44
-190
-64
-5
62
101
-23
39
22
21
-167
-51
-61
7
-3
25
-70
-214
-54
29
233
58
18
66
131
-6
59
97
144
140
-9
-93
-4
108
-51
9
-94
70
-4
-45
-49
-205
-14
47
-42
-29
-98
-25
-67
-75
82
-2
52
94
42
-17
6
16
-13
83
-15
38
41
-6
-70
59
35
16
-23
176
39
-78
-25
-21
10
-31
-17
48
-50
32
110
74
-2
4
-44
54
-9
62
56
-48
-166
15
-5
18
-15
17
-19
-160
-46
-8
131
92
-22
38
134
77
-130
-45
117
5
0
56
-49
-223
-140
29
-71
154
-19
-93
93
57
-221
-69
-5
-78
40
-91
-60
-201
-1
18
76
61
-36
33
19
84
-156
-13
-47
-23
29
-6
-61
-277
-52
25
81
56
-28
82
44
30
-236
1
-107
-23
-19
63
-18
-124
-60
-16
-28
1
7
59
63
103
-120
-20
-95
-25
32
-38
-30
-182
37
-4
40
190
42
83
70
137
-121
-125
-192
-106
3
23
-42
-149
-81
-65
108
71
24
-12
45
36
-222
-34
-51
-46
102
-20
-42
-223
-110
-20
68
54
-57
97
77
23
-32
72
46
98
-1
-7
145
-34
-52
1
-9
81
-20
-8
17
-46
-18
77
86
14
-60
-66
-13
-86
-72
-4
-32
119
120
-41
142
52
-5
-39
87
12
190
-49
-30
-130
135
7
7
144
226
-95
326
53
-2
84
94
-2
3
-26
179
76
-27
5
-62
67
124
-88
166
16
-210
37
-110
12
-4
-6
3
-99
-2
24
-16
11
20
86
118
142
-13
33
-22
-107
45
68
-42
-146
-194
-5
4
294
11
97
14
263
-104
39
80
5
-95
2
-64
-94
-162
29
20
55
-112
-153
84
74
-14
1
7
-121
211
-38
-17
-348
-190
22
36
277
110
-21
131
137
-93
27
-100
-30
35
-49
-37
-216
-131
93
66
85
-44
102
92
48
12
-50
137
-23
74
-66
22
1
-26
6
87
-88
-21
40
-145
-23
38
5
-96
-30
-43
0
-16
85
29
-109
181
-134
0
28
-109
-86
86
-138
-150
-113
41
-44
-42
22
-15
-15
57
-84
-57
-4
-216
-24
21
-85
32
-61
77
-28
-32
42
-36
42
87
-47
-63
49
-148
-42
13
-44
-78
83
-19
-120
-61
21
-2
40
-135
-31
-22
-175
-165
-116
-39
-29
-40
-60
-48
47
51
194
-80
-42
-2
-59
23
-151
-37
-36
33
44
-154
-7
-22
-174
-60
27
3
-31
-24
-44
-138
-72
-181
-41
287
69
-57
-23
113
19
-7
218
-68
-19
72
-62
5
-88
-133
41
14
-57
93
-76
28
-2
32
63
-90
15
30
-63
-6
12
-234
-2
45
-65
-66
18
57
-217
-58
60
-60
11
35
114
83
-35
-136
-93
35
-97
-56
-140
68
-79
-27
-27
-18
-25
74
-8
-54
-13
-93
-32
54
-62
25
-85
78
-31
-23
-30
-71
-5
40
-57
-100
47
-162
-16
55
-102
15
-27
88
-94
14
24
-4
41
106
8
-18
1
-203
-23
29
-9
-136
-47
46
-20
-9
-71
-28
100
118
-129
-85
21
-105
-133
161
-93
-25
-138
81
-37
-32
33
-9
60
-13
-96
-44
11
-221
-3
83
-55
4
-82
100
24
-27
14
-83
55
37
-57
11
19
-147
-24
-10
-66
-63
46
-35
-1
-36
-79
50
16
-71
87
-37
-73
-26
-56
-45
-45
-8
-31
79
-15
-65
241
128
1
32
-47
98
-82
83
19
59
-143
-90
-29
12
-98
-46
-85
-143
11
-21
41
86
-115
76
-50
38
37
27
36
40
-48
55
-30
61
-25
-59
19
20
-101
85
-19
60
-52
-62
-101
51
8
30
14
-67
47
-28
-11
-38
12
-353
27
-24
-82
-11
-16
88
-34
-65
-31
-18
1
71
97
-49
-217
17
-105
66
-92
-66
-148
70
-49
-29
-68
-11
-33
12
-31
-46
-9
-92
-10
25
-45
-85
-83
25
25
-31
-72
-38
2
64
-56
-59
45
-198
-37
55
-9
15
-22
105
-78
33
-6
-25
44
86
12
20
-7
-202
-21
140
-86
4
11
-9
-60
-72
36
-2
32
108
-200
63
-47
-210
-80
73
-64
-31
-47
73
12
-29
20
-47
67
124
-32
-22
18
-222
-58
31
53
-26
44
-8
29
35
144
-71
-12
-83
-97
-15
-107
25
-125
119
-102
83
-85
138
-99
-8
150
34
-8
-56
-110
110
-132
28
-43
36
-116
-9
-50
-94
-64
-47
78
-51
-11
15
-128
13
-97
-115
45
-44
-17
-7
19
83
-49
-18
120
-27
10
-36
6
113
-76
-66
14
70
-40
79
-42
67
32
47
7
-66
-7
41
-6
-24
-50
-55
4
-1
-82
30
17
3
-31
19
160
-9
-4
95
-32
-177
-89
-51
-131
58
-105
-34
-123
44
-79
-25
-15
-2
-9
54
-42
-11
-18
-105
-10
101
-51
-41
-83
99
-71
-11
-89
-98
26
73
-39
-19
-13
-80
-26
91
-53
-55
-37
47
6
14
-58
24
20
75
-62
-53
0
-112
-28
50
-6
-81
19
44
-106
-32
20
-5
32
87
-49
9
-5
-270
-54
195
-107
-163
-111
84
-1
-33
4
15
-17
-5
-90
-44
-27
-317
16
130
-53
-264
-56
102
8
-22
12
-38
32
97
-36
-75
-14
-216
-37
-6
80
-9
137
103
32
21
57
-16
21
-43
55
-34
-60
-32
-134
-28
5
-11
-39
39
4
40
-1
-62
-8
63
-161
10
-4
89
-57
24
-1
51
-32
129
-33
-32
-10
13
33
-106
123
108
-69
54
-152
3
1
-39
38
30
36
145
-34
9
3
37
-58
-84
-93
29
106
41
-33
-112
-53
66
-76
25
-50
-12
39
19
-25
-116
22
-284
6
-47
-17
4
-14
46
-87
-34
-65
124
20
-34
-160
-89
62
-34
-85
11
-112
-155
-135
43
-32
-20
-6
24
-73
99
-26
-38
-21
-49
-43
92
-40
-269
-53
55
-58
-31
21
-77
52
166
-5
5
15
-75
-48
-28
-41
21
59
-19
-32
46
138
4
24
-115
-153
12
-53
1
92
-26
76
-42
3
-100
-3
116
-67
7
-3
-19
-126
78
-13
85
122
-31
32
-100
-5
76
82
-66
61
-49
-36
-181
-119
-132
58
-95
8
13
42
14
15
-13
-14
38
27
78
0
-20
26
25
-2
75
1
34
-25
3
-80
41
-12
104
246
-8
0
-66
35
68
-111
148
-28
138
-93
-98
45
-43
-29
-45
44
-223
27
-99
-137
-6
9
0
-65
-1
38
-36
4
-57
-47
-19
-39
90
8
-45
43
-28
-36
133
34
94
-25
165
-65
-72
76
-9
-49
60
-35
112
-21
-20
-96
12
72
154
-45
-41
-63
12
-87
-15
1
-132
31
-80
23
-110
-44
-80
-11
-15
1
-5
-7
41
122
-22
148
92
-63
102
92
-115
-100
-1
-33
-42
36
-16
107
-14
40
53
-15
-12
1
35
32
-15
158
64
105
51
26
-51
34
-52
57
-23
132
-152
28
18
-2
-116
39
-66
139
0
19
52
48
11
-13
7
-17
-8
-4
-24
-23
-23
-43
-9
34
-42
-17
-28
-46
178
-90
-40
85
-148
22
-87
-52
-26
-112
-23
-2
-3
105
12
-4
-82
-27
23
11
63
-6
-96
57
46
-83
66
-28
74
7
18
-4
-7
-93
6
-39
-33
-41
44
-16
-87
-36
71
-77
-18
-18
-28
34
-111
-2
-95
81
-97
60
55
-114
-14
-96
35
23
21
3
59
10
15
55
-48
145
-187
-15
-79
152
-81
-123
-8
-2
-34
49
73
49
-7
-38
-7
169
-4
-7
-6
7
16
3
105
-46
-82
-51
94
46
5
-117
-43
-237
-14
67
131
-98
-109
-38
113
-13
-71
-34
-67
66
24
-47
36
22
110
12
-34
26
-40
-34
127
88
-10
-28
40
-8
6
-56
37
-20
-18
-1
-27
-19
-13
-25
22
-70
3
-20
128
1
150
-77
-39
-11
-107
39
-37
30
-54
-178
122
90
-111
-60
-22
53
127
-81
-37
160
-95
-23
-61
156
70
95
72
11
-79
103
14
15
-75
-103
62
-45
-49
30
-16
-23
-44
-72
-120
-58
-10
61
25
-20
-151
-55
115
-4
-22
-6
-46
71
-59
-20
-22
31
-3
36
39
21
143
19
-30
-73
-36
-2
-2
58
33
-110
4
-79
4
49
-81
62
79
-93
-34
57
-127
-1
-42
111
119
70
39
-150
8
-10
38
-17
-69
-4
-37
-41
20
-2
-63
74
-20
-18
67
2
-84
-88
-74
-160
134
-29
70
-67
-29
11
-46
188
64
-237
286
-62
111
-28
110
-24
52
100
-59
10
-155
19
13
140
12
-172
253
34
-75
-39
18
-29
59
-66
22
-77
58
-48
163
64
20
-12
13
-46
86
34
-123
-52
7
27
-6
-10
-7
57
1
20
33
47
-104
54
-64
-56
57
-83
122
-41
-10
-57
-45
-3
38
18
-20
43
-27
-13
-47
102
-79
14
-22
-49
15
-29
123
39
-97
-133
60
-136
-40
-95
-13
5
67
-72
-174
145
17
38
81
18
9
-76
152
25
-29
43
-13
25
-42
-8
84
-31
-12
30
-49
-4
-59
51
-93
-82
87
-83
-172
-12
26
-53
97
-40
31
-50
46
7
43
53
21
-28
-48
8
-143
-78
-85
-46
19
41
-41
22
6
-120
-80
57
-59
-90
-24
-48
101
-115
-61
-132
36
-103
-30
-48
4
-1
29
-67
-94
-33
-39
42
-55
-47
16
-129
122
-64
-15
-116
-8
-49
-19
-10
-74
22
-42
15
-66
-13
55
-39
34
28
15
-20
76
19
152
4
-88
-27
48
-17
-50
12
-114
-70
80
-70
-19
52
48
46
25
-12
132
44
-59
14
26
-19
31
-68
123
-15
-3
-109
-11
-22
64
8
-94
10
-33
-5
79
-11
76
23
-69
12
88
2
-4
14
11
-59
43
-114
-31
35
-22
-20
-9
21
-31
-48
23
-47
-19
11
-63
-101
114
21
49
-25
20
-42
19
-13
-30
-19
-34
-86
-25
-2
-64
91
-64
-38
-31
-18
-93
-12
-24
-73
47
-125
29
-35
43
0
41
22
-66
-17
-40
58
-183
-94
-11
21
30
-62
-21
-74
108
46
116
70
63
-103
-12
-95
-125
-72
-7
-134
42
-109
-30
-21
53
0
33
-30
-87
-2
-77
37
64
-39
-39
-92
75
-87
-29
-119
-55
-23
49
11
-23
-3
-81
-10
-91
-17
47
-49
87
-69
20
-141
42
-41
99
71
-37
-43
-9
-41
30
51
-76
-30
42
60
19
-75
88
-32
117
-103
138
51
-59
-102
-31
-18
53
-69
86
-64
-16
-93
-41
-23
122
8
-46
43
26
-48
214
106
66
37
-102
-49
63
7
146
1
-29
-60
14
-29
-62
-68
-28
51
-58
-20
-127
-35
-18
54
119
-11
-84
-47
-55
-71
67
38
111
-58
9
37
-32
31
-39
-52
-63
12
29
-56
-36
-23
-53
-94
-91
22
118
-26
61
-23
46
-19
48
-31
138
114
-59
-18
-7
7
-65
-66
26
-57
106
-123
-1
-191
17
16
-56
122
88
-38
-79
-44
-12
6
52
-73
138
-75
2
-165
-6
-21
70
67
-57
67
2
-31
-131
-27
2
-74
83
-54
10
-101
81
1
-25
-2
-61
24
10
15
-98
30
-83
-69
82
72
5
39
4
-91
-25
48
23
-75
-62
97
37
-6
-175
-66
114
-54
-6
-82
-58
-10
53
36
-61
31
38
-22
-35
8
-48
32
24
-27
29
77
45
-37
-10
-24
57
-42
20
-54
-26
31
60
5
-22
-6
42
35
-19
29
-10
80
84
99
106
3
3
5
7
112
2
29
15
16
128
9
-78
73
42
-78
75
-165
-131
16
-155
-38
66
-68
26
-37
66
8
57
41
-47
28
66
16
-75
-40
-48
-48
-16
39
-10
-156
-74
39
30
106
100
-27
147
-77
-23
40
-26
-92
183
-97
-5
-278
-65
-29
52
199
13
-41
131
23
-4
43
-329
-62
143
-114
-17
-201
-96
-40
82
98
-13
-17
137
-20
-27
9
245
-2
106
100
109
-21
-106
22
22
-10
-154
0
-9
-48
81
-30
51
96
43
128
-14
29
-23
47
4
-68
77
-3
-136
-10
-42
-26
148
8
143
52
6
14
-53
-12
25
-12
-10
48
-92
-27
119
43
1
20
-56
-106
30
15
51
-10
-67
-26
-7
-46
-22
-88
21
24
-149
15
49
68
23
110
104
32
-89
34
-38
-82
-17
-23
118
-35
50
35
50
-57
-34
-33
72
61
-20
-94
-51
-71
-5
-82
-26
-53
144
23
30
-7
67
-109
-112
9
66
-19
-9
-28
-74
3
-51
37
-1
31
56
3
4
-167
145
37
15
41
58
-30
-2
-37
-21
-16
99
7
119
68
14
-51
-58
-33
70
74
-70
37
-80
7
-47
-48
102
2
20
93
64
-73
-69
22
26
-12
-14
12
37
-74
72
-27
62
4
-57
3
18
-96
-122
10
219
-100
43
-45
-4
-115
33
15
100
32
76
22
15
-85
-108
-28
81
25
-7
10
-61
-26
-136
-1
52
116
82
27
51
-52
-2
3
-43
33
-68
-72
-24
20
-23
6
69
-4
41
-40
-26
-34
-139
10
3
10
-2
8
-51
-46
7
37
81
25
-18
-101
-2
35
-92
-23
-99
-56
-4
-17
42
-6
-14
-40
82
19
27
39
55
-101
-8
35
54
55
-65
35
66
55
-70
-47
122
5
-136
47
-56
48
31
49
-4
95
103
-45
-111
8
-42
15
23
37
63
48
18
-41
-32
-44
114
122
-53
88
-16
-41
61
55
119
-7
14
-62
-14
100
-39
-31
38
-117
122
68
-180
11
-4
-38
42
39
42
45
10
-35
-1
-3
138
3
-136
26
-89
-35
55
36
-111
72
-119
-85
90
97
-28
29
-77
-23
45
0
56
-47
34
-61
109
-50
76
-65
-17
59
-10
15
-71
-38
47
37
13
-37
21
-11
-58
41
-107
57
62
62
-119
9
-31
-44
14
41
-44
-23
-24
42
93
59
-9
47
94
-131
-74
-6
113
-6
17
-38
-55
1
-94
15
-87
-66
83
109
-7
-112
-71
-92
-44
234
33
-155
51
-89
-50
32
33
15
83
3
25
-70
-44
0
100
83
-83
63
-36
-28
62
24
-68
-46
16
-35
89
-199
-143
-3
-36
-78
-1
28
-34
56
90
-20
-73
23
-69
-61
24
-45
-28
38
135
-153
-69
110
66
-7
48
-45
-355
1
76
63
22
-90
-14
-4
56
0
-35
86
-4
-14
91
-73
-24
109
96
-113
-61
-7
-39
-5
-31
9
-103
3
-55
-92
3
45
-63
6
-70
-37
-128
-67
-129
32
-73
-22
48
61
27
71
36
-35
74
51
-31
-55
33
-42
9
-9
-31
14
17
-21
-26
-93
36
66
-323
41
-63
115
52
-19
-54
33
91
39
-108
38
-135
42
-11
41
-72
9
18
-4
-26
-90
-9
-21
21
75
-54
-88
50
48
4
40
-250
11
58
27
30
-72
-52
-11
108
114
-77
35
-27
6
62
-6
8
23
-32
-24
-12
99
24
2
-14
-6
-23
-68
57
17
69
-83
-15
101
-10
9
44
178
30
-2
-53
-64
16
-118
2
21
141
-30
-32
91
13
11
219
95
-29
-2
41
-89
-21
-90
2
13
16
15
27
37
-13
-15
-2
1
28
-6
-47
-9
28
-22
26
-37
120
-3
133
69
-133
9
5
-8
95
-13
-96
-66
-20
-45
55
124
-60
11
-11
26
7
29
31
-8
29
8
-43
-4
43
-31
-8
-100
21
-33
88
112
-38
69
-8
-17
12
-8
-37
-93
-16
-60
-20
-106
17
-21
13
57
-87
-38
40
54
73
-16
-53
-50
-37
0
-33
-192
-39
-9
11
37
-18
5
-38
-2
15
-4
-17
-10
22
26
7
-10
37
59
-45
144
-88
-69
30
60
-84
-63
4
-46
-162
-79
6
-43
18
21
-15
22
8
22
95
13
7
11
-2
6
35
-18
20
44
41
49
15
47
-28
18
43
-62
-106
2
-5
54
-41
-28
-19
-51
33
116
24
163
-58
20
-77
-16
5
-34
-47
60
109
-18
30
-16
-103
-8
15
101
82
68
27
122
-153
32
-53
19
-49
-56
0
-57
-181
66
32
73
22
25
-13
-27
-47
23
13
12
-56
-94
-41
49
-25
-66
7
167
54
-24
-16
-68
-43
-26
22
-4
-40
-62
2
11
-77
-25
-38
102
24
44
94
21
-115
45
-34
4
52
-81
-54
-40
141
21
-248
19
36
-9
8
49
-108
51
-47
-77
-88
-23
-34
86
-43
-25
157
17
106
16
12
-34
-55
-1
84
35
-56
-1
-122
-12
46
56
24
49
43
-44
45
9
-33
-16
-39
-110
43
82
32
-50
92
-8
-31
40
-22
-59
-21
-101
22
-50
-56
-119
45
-13
41
38
8
-39
118
40
46
92
68
-158
16
-12
194
125
-56
-62
27
-4
-27
-7
99
16
104
-46
35
-29
30
-15
70
54
95
-158
14
62
-65
-9
130
-3
48
28
29
-151
-49
-37
78
31
-75
-16
113
7
55
17
-2
2
15
-87
-57
-86
-136
-25
-7
-86
-126
7
-136
-13
60
15
75
3
86
44
31
-16
-103
-24
24
46
-52
0
-225
17
-39
115
1
137
53
-17
-44
-88
-30
-17
62
-1
5
102
-32
8
68
-44
32
54
62
29
-96
-11
-81
-6
7
-31
-81
39
-13
-72
-60
47
70
53
0
69
56
-92
-34
21
90
92
-43
-11
-137
35
-71
28
140
-29
83
-162
58
-118
-61
-54
18
161
119
-31
23
8
-27
56
28
27
77
19
35
-104
-85
-42
103
114
-44
3
-38
-35
27
-9
-37
3
-17
32
-19
6
-10
1
32
-3
-98
60
-21
64
-4
13
-49
55
58
80
-9
-73
51
7
156
50
-141
46
-94
2
85
-27
-76
-4
25
-12
16
83
64
28
-10
-80
-84
-60
8
37
71
-9
42
19
18
-111
-31
6
75
6
-60
-18
-48
79
-58
23
-144
-1
-89
-95
-44
49
40
2
-40
-107
-59
75
10
-5
31
-7
-58
25
36
-4
61
14
11
-180
-22
-28
84
84
-133
51
-47
8
72
-15
-164
24
58
-130
40
-112
36
-51
66
-69
-146
-59
0
74
80
29
-398
12
48
69
22
-37
-103
23
12
4
-24
70
-93
83
-22
31
108
49
-2
-83
-29
17
-11
-23
-44
7
-99
23
3
-126
19
26
72
5
-11
-42
12
70
-39
-23
-21
28
115
56
48
-5
-5
-4
-409
20
-35
10
2
-48
-62
-8
17
26
-40
55
-52
89
-70
86
1
23
26
-123
-31
-73
4
-53
43
173
-37
19
75
35
-28
59
-390
-7
72
12
15
-79
-78
4
18
86
-46
54
-2
74
145
-74
93
18
99
85
-39
250
30
-33
33
-128
160
-124
-60
187
13
11
20
-39
119
150
-34
19
-52
-89
-83
-194
-1
-46
-51
-10
29
-8
26
-46
56
-25
13
143
50
10
-28
-11
-16
-12
-12
2
-29
-14
-12
22
74
-41
127
95
132
-7
-66
28
22
-48
74
-36
19
7
-49
-30
-74
-76
86
-79
27
-34
-92
32
-78
-40
107
-10
-28
-21
-41
26
-33
110
-15
-7
-60
30
38
-57
-110
47
-125
-3
112
-41
-17
9
26
4
-2
27
20
-3
-31
38
-35
3
-87
-33
146
-10
-147
12
56
134
-24
-90
-53
-62
94
-11
-21
-109
-65
-4
6
12
20
6
-51
0
-43
-34
-42
2
-7
-30
-13
-11
89
29
8
-25
-11
16
25
17
-20
33
0
0
-4
-7
-24
-20
0
31
139
5
61
74
19
66
6
-48
70
-11
8
70
-1
-66
120
-34
27
20
84
21
26
84
-14
-111
45
-23
88
-101
-71
79
-79
-41
33
-9
-70
11
12
38
-39
-42
76
27
128
-79
-174
35
-188
8
42
32
-12
12
-36
-10
14
24
12
-1
-13
22
-33
-49
2
15
-36
-62
-5
-7
48
25
19
-2
-58
2
62
-27
-28
-3
-39
59
-22
-113
16
-72
-112
7
-6
8
-110
1
30
32
-75
-50
172
36
6
-76
-54
-54
80
75
-5
-171
-25
-21
-3
-4
-57
-90
-124
11
11
3
-59
7
-15
129
62
-67
-51
-3
-16
-74
-49
3
-2
-65
56
-17
-84
2
81
25
-23
56
-41
-15
3
-68
-122
-94
-72
67
-9
-19
16
23
-14
-25
-39
26
-14
0
-21
-5
26
-2
5
4
-2
45
-3
3
29
-36
46
-11
41
-3
-9
-50
10
17
17
-41
12
20
-53
17
-4
-35
0
99
-34
-9
-26
-17
-36
132
54
11
9
47
-152
50
13
-117
-30
-81
-21
67
108
-135
-29
75
-28
11
-79
-8
6
-50
17
3
1
124
-32
11
39
-112
-17
-56
-44
-45
-10
3
-26
-24
5
-20
-38
15
27
4
-1
-11
-21
-26
4
8
84
64
-14
-53
39
-151
21
71
-121
6
-4
-88
117
85
-91
56
13
-36
12
105
74
-1
-76
73
36
1
-44
-92
-2
-24
-71
-32
8
67
-30
21
96
-64
57
151
-24
-11
74
-87
91
-116
-70
-12
-102
1
13
52
66
-106
-22
-59
-5
-6
17
-6
-48
-46
-127
76
-118
-30
13
-8
63
18
72
-82
6
25
68
-49
-52
90
31
-19
54
-26
-2
-16
13
-9
-35
-71
-168
-23
35
40
18
46
-67
-1
57
31
42
97
-120
-36
-20
-9
-41
44
-9
-69
81
64
29
-77
-142
31
71
-58
32
61
-40
19
-14
3
-24
42
90
-1
-56
7
25
-15
32
-19
29
-7
-20
4
12
1
34
-32
-11
5
-37
8
-17
-29
58
-29
31
-38
-94
12
172
2
-31
38
51
-52
65
-52
-58
-39
13
-1
112
-18
-12
13
-29
2
-41
105
-21
-18
-37
-34
59
-24
-33
-44
3
-18
-55
-99
-70
2
131
86
32
-135
27
-54
21
87
-9
27
22
20
-1
-1
-36
-2
-4
-7
54
-10
71
-38
-116
-51
-41
-27
73
28
-14
-124
-77
-12
1
113
-35
17
131
-109
-11
16
14
-52
145
-59
-55
-159
-238
96
-38
222
37
-82
-77
-32
24
50
-25
5
-57
-18
39
11
46
2
-51
17
-3
-5
0
-26
-87
28
-57
-10
7
28
-23
-175
-89
-47
-42
21
-56
19
91
-101
-105
-26
-106
-23
-127
94
-26
-34
-187
-3
53
119
51
-84
-62
-120
31
17
2
-57
-15
-11
-48
17
45
3
-22
48
21
-53
33
-29
7
39
-75
-6
80
41
-22
-92
-154
12
35
144
33
36
136
1
-15
-45
128
-52
176
34
-4
39
-95
19
0
25
-148
41
-312
-40
-20
-63
-59
98
22
-28
68
111
-82
-20
-78
-111
-53
12
35
-108
-24
-11
114
-9
138
9
-13
-60
-48
-41
73
29
-92
90
-74
-22
13
-20
54
5
141
27
-4
-106
-55
14
139
37
-35
59
-77
-84
-45
84
-45
115
-47
-114
-159
15
-6
-8
-27
-26
-72
-65
-12
-26
5
0
-7
-12
133
5
12
-116
-61
-25
95
111
-93
80
-68
-29
-31
65
62
175
99
37
-24
33
-9
5
-52
-28
133
64
58
175
23
-11
32
0
115
13
-11
-108
-97
-21
69
65
-47
106
-99
-45
60
1
-206
-13
109
52
-19
-38
-140
31
68
37
1
83
-145
-41
-29
29
20
109
88
-62
-15
-20
-102
16
-43
47
-26
-38
-38
-95
24
22
-348
-7
113
14
-10
-143
-115
-17
82
66
-10
109
-145
-26
52
-3
42
-4
-99
-54
5
72
-103
9
7
-76
-72
-59
-106
32
-10
61
115
58
4
-19
58
21
-22
51
57
-138
33
-8
8
-77
10
-36
174
47
-7
-79
22
133
-140
-17
-69
8
-59
-64
68
-74
7
-40
-42
52
117
2
-39
23
30
-10
-26
10
84
14
-11
-27
-54
-1
87
-48
146
24
-10
-234
-36
-35
49
104
-168
79
-233
-10
-31
25
-32
-6
123
-14
-5
-205
-91
-9
78
101
-73
96
-48
-22
7
47
-559
-7
98
39
-8
-126
-111
40
99
90
-66
69
12
5
